4462
151356	0
86056	1
312523	2
506804	3
102433	4
1557689	5
83706	6
4638	7
1189492	8
1634484	9
116713	10
5686	11
316367	12
1514894	13
222493	14
1322579	15
375925	16
202917	17
1035644	18
951661	19
212394	20
89621	21
319153	22
169621	23
542885	24
107459	25
137548	26
332422	27
247948	28
72852	29
158729	30
116449	31
113862	32
1333004	33
380895	34
170394	35
107223	36
39485	37
648871	38
115875	39
1046810	40
3514	41
148366	42
107201	43
67845	44
58275	45
1178316	46
92546	47
13367	48
32430	49
95293	50
907995	51
15861	52
214409	53
288058	54
367302	55
1820635	56
119848	57
74191	58
382075	59
140928	60
2034314	61
118174	62
242363	63
329919	64
239886	65
61889	66
234230	67
215148	68
649498	69
1357266	70
222184	71
44454	72
339645	73
2042748	74
338139	75
66568	76
459624	77
94003	78
98512	79
169957	80
195839	81
64707	82
187805	83
36866	84
265064	85
16267	86
120620	87
237332	88
15896	89
290003	90
1269130	91
120335	92
888184	93
329109	94
983753	95
652552	96
182128	97
880767	98
8554	99
295490	100
120035	101
23012	102
1999834	103
1208781	104
38771	105
315195	106
130139	107
114856	108
197898	109
119090	110
173353	111
105027	112
78988	113
196241	114
483461	115
9589	116
263312	117
251922	118
308630	119
169064	120
165930	121
100441	122
1849922	123
983329	124
816211	125
227135	126
206776	127
227754	128
782184	129
350045	130
1403661	131
891225	132
873866	133
182172	134
130805	135
1397312	136
467659	137
356720	138
40516	139
871111	140
395203	141
83302	142
311164	143
271915	144
356171	145
25679	146
140023	147
769656	148
83339	149
156006	150
89681	151
263715	152
585157	153
68321	154
64835	155
210890	156
531119	157
240096	158
369141	159
22515	160
20644	161
331113	162
101381	163
85883	164
1121003	165
184876	166
955823	167
4913	168
258709	169
1866667	170
216265	171
204518	172
1472735	173
145342	174
745243	175
1212701	176
799313	177
9917	178
1660757	179
196508	180
854693	181
242427	182
566690	183
139406	184
219808	185
1274035	186
186344	187
485171	188
994454	189
80650	190
726990	191
126658	192
138409	193
221484	194
454661	195
227329	196
45192	197
223928	198
209358	199
1375533	200
2123469	201
397099	202
41750	203
23841	204
32627	205
241076	206
45174	207
95044	208
177907	209
367506	210
78912	211
4377	212
470678	213
239713	214
778063	215
545084	216
965450	217
88470	218
805116	219
129021	220
123141	221
150088	222
4811	223
193342	224
48167	225
1828912	226
660555	227
132826	228
717212	229
785060	230
243164	231
640215	232
443780	233
112696	234
87488	235
33858	236
798254	237
146036	238
204169	239
288077	240
58499	241
32329	242
146462	243
422384	244
142567	245
855404	246
127968	247
766077	248
1231999	249
274169	250
269019	251
154837	252
423487	253
181987	254
897903	255
56430	256
17040	257
60748	258
1742443	259
16624	260
426785	261
715705	262
159452	263
231731	264
145118	265
130156	266
139224	267
187318	268
24045	269
594832	270
1416939	271
129326	272
504187	273
364812	274
55774	275
517668	276
291992	277
51869	278
9490	279
840740	280
58590	281
125209	282
1314514	283
14241	284
73593	285
199830	286
462995	287
194546	288
536620	289
137593	290
133077	291
71270	292
93831	293
422665	294
360991	295
250100	296
131251	297
160577	298
179650	299
173385	300
109241	301
1016128	302
20948	303
239923	304
1668	305
1498997	306
110189	307
172110	308
1039549	309
147983	310
203995	311
933239	312
9073	313
508924	314
262587	315
1808493	316
31982	317
187178	318
127264	319
167044	320
238820	321
159693	322
94901	323
236148	324
1488825	325
930940	326
992699	327
24306	328
132572	329
118894	330
3869	331
135856	332
237574	333
9646	334
145267	335
440453	336
732435	337
1146216	338
169063	339
500227	340
1845225	341
67581	342
101106	343
120519	344
197217	345
76566	346
467974	347
8094	348
1465440	349
135541	350
178347	351
433165	352
90040	353
202651	354
116813	355
93691	356
119056	357
51756	358
1221667	359
392067	360
184932	361
23826	362
81294	363
233864	364
698658	365
930818	366
463306	367
394943	368
182275	369
29643	370
916753	371
1569817	372
84126	373
227518	374
52393	375
151407	376
110452	377
20580	378
250937	379
479577	380
54971	381
402927	382
182425	383
188991	384
163679	385
208576	386
176272	387
704556	388
124450	389
2152056	390
502694	391
832	392
25827	393
311467	394
114902	395
318518	396
179110	397
257202	398
718137	399
258697	400
244111	401
6504	402
123994	403
46823	404
1105687	405
227701	406
109151	407
176995	408
774861	409
204436	410
126595	411
163257	412
31123	413
1159444	414
71080	415
265191	416
1467964	417
76222	418
1112347	419
640296	420
100562	421
22199	422
834529	423
170367	424
126270	425
8192	426
81663	427
25489	428
62543	429
257164	430
229556	431
60183	432
508851	433
1077833	434
80236	435
460023	436
141436	437
169363	438
734137	439
68594	440
139137	441
1218881	442
182697	443
90038	444
238799	445
136225	446
1877072	447
60327	448
299086	449
65858	450
103941	451
135593	452
1986484	453
184105	454
459989	455
106476	456
249320	457
86584	458
730316	459
455320	460
16182	461
108866	462
54007	463
21742	464
4346	465
604338	466
201210	467
37920	468
444340	469
8524	470
30937	471
444719	472
59666	473
4124	474
98837	475
1012859	476
165796	477
362586	478
388244	479
51134	480
107610	481
1096110	482
83981	483
348136	484
148216	485
116289	486
1163231	487
50107	488
188817	489
839895	490
441183	491
1072257	492
1592290	493
31206	494
193264	495
1740620	496
1787493	497
362236	498
168595	499
169673	500
86183	501
1284092	502
215282	503
1874059	504
2055697	505
994609	506
90065	507
321884	508
46432	509
13621	510
278366	511
153452	512
81475	513
507153	514
202048	515
23286	516
565375	517
61779	518
256081	519
70804	520
188659	521
21898	522
1506552	523
93882	524
1218600	525
25085	526
86894	527
156588	528
253811	529
183592	530
421742	531
844555	532
82893	533
189425	534
238663	535
1766208	536
47072	537
494742	538
744534	539
219623	540
373970	541
810704	542
283385	543
297231	544
73656	545
77395	546
241304	547
30780	548
340744	549
1217200	550
271857	551
477279	552
119865	553
65381	554
321113	555
161551	556
666315	557
422015	558
735988	559
29211	560
1169695	561
493134	562
58995	563
6368	564
222839	565
346588	566
31236	567
1209976	568
2900	569
59463	570
30724	571
38369	572
125098	573
240338	574
2021867	575
894693	576
1182355	577
87279	578
641161	579
135726	580
287331	581
251267	582
1785	583
247980	584
31746	585
183294	586
132998	587
80438	588
116821	589
53452	590
137919	591
1061022	592
122045	593
187591	594
384851	595
217779	596
98372	597
247568	598
30694	599
53921	600
231963	601
88132	602
37269	603
130597	604
367485	605
175836	606
110663	607
48963	608
200383	609
110209	610
278038	611
119391	612
97653	613
44458	614
322075	615
1120837	616
98349	617
285213	618
240691	619
93951	620
60062	621
233376	622
1490946	623
133324	624
248357	625
6898	626
1281212	627
623594	628
140477	629
105381	630
247095	631
1222910	632
363383	633
50905	634
179626	635
141865	636
514794	637
317835	638
2105	639
268918	640
114066	641
566614	642
70622	643
39588	644
1127416	645
51255	646
141984	647
1646484	648
144766	649
367950	650
85116	651
136291	652
441764	653
813445	654
180825	655
127096	656
6905	657
1912352	658
863870	659
274829	660
207280	661
346289	662
191931	663
574863	664
1160246	665
215389	666
82948	667
56007	668
1755277	669
277936	670
145591	671
53320	672
1598737	673
228604	674
187845	675
360548	676
184075	677
93458	678
758634	679
1960038	680
24100	681
229254	682
84554	683
56457	684
1133970	685
21233	686
154303	687
972716	688
116771	689
319645	690
100955	691
79735	692
408956	693
416217	694
155926	695
35694	696
117816	697
215886	698
217561	699
240054	700
2101670	701
17478	702
90276	703
218515	704
2021817	705
380203	706
87114	707
992366	708
227491	709
70811	710
48667	711
891085	712
185056	713
391917	714
3849	715
109575	716
7485	717
134316	718
981369	719
674494	720
173086	721
1641282	722
1141215	723
600594	724
763055	725
65309	726
237226	727
1006920	728
364371	729
94430	730
79766	731
20962	732
23599	733
918652	734
836336	735
243910	736
39628	737
1931907	738
323417	739
226204	740
202678	741
552433	742
38100	743
21406	744
640366	745
217552	746
1045621	747
126023	748
1494356	749
102278	750
13298	751
1439545	752
42872	753
1115406	754
161789	755
58500	756
73187	757
133791	758
262673	759
186253	760
574908	761
520237	762
200891	763
156804	764
63890	765
144787	766
1356	767
295943	768
43674	769
208728	770
1262730	771
93462	772
980020	773
250987	774
638434	775
101768	776
115204	777
92568	778
33075	779
361903	780
360730	781
1671332	782
1109924	783
30392	784
137064	785
340907	786
312928	787
108847	788
87896	789
179652	790
186044	791
2596	792
45550	793
154258	794
272009	795
635333	796
413085	797
79439	798
167138	799
204061	800
468002	801
191592	802
110475	803
316587	804
2099460	805
162853	806
267467	807
126601	808
1572231	809
261201	810
50679	811
228945	812
285521	813
142350	814
104604	815
182920	816
1075127	817
144512	818
830526	819
215587	820
187880	821
1307528	822
114138	823
96278	824
388351	825
416748	826
43881	827
1814697	828
350628	829
36733	830
283521	831
233478	832
72861	833
1245099	834
98676	835
1830959	836
85026	837
348057	838
22638	839
79424	840
65548	841
227255	842
13167	843
233294	844
95911	845
257262	846
77944	847
118975	848
30691	849
424583	850
65771	851
184002	852
700630	853
282980	854
1443204	855
3622	856
1681592	857
444848	858
930012	859
126144	860
2127492	861
588032	862
299167	863
18637	864
682094	865
88203	866
308097	867
258652	868
212198	869
23001	870
121117	871
1424	872
349916	873
201964	874
74385	875
71820	876
186385	877
161487	878
7199	879
1322799	880
225037	881
1026119	882
185428	883
73004	884
65679	885
3171	886
234299	887
1966412	888
1373562	889
636074	890
18087	891
88438	892
191213	893
1856887	894
305091	895
24641	896
49809	897
242075	898
105362	899
305894	900
50267	901
184103	902
10475	903
25260	904
177725	905
128193	906
107026	907
26916	908
292132	909
289309	910
1379693	911
349850	912
219902	913
935297	914
13259	915
92896	916
113474	917
1594522	918
319185	919
1286290	920
389863	921
258734	922
350493	923
193568	924
256232	925
52916	926
296890	927
338138	928
907963	929
345882	930
756299	931
240631	932
1002924	933
72993	934
1048261	935
37443	936
1133494	937
84720	938
285587	939
122051	940
909816	941
53617	942
324029	943
51372	944
42610	945
131393	946
239510	947
1008065	948
66452	949
168350	950
354271	951
47103	952
374082	953
1478434	954
256310	955
159224	956
73928	957
244884	958
35397	959
58201	960
45761	961
515369	962
155920	963
585798	964
39249	965
527359	966
345326	967
17941	968
1428411	969
396891	970
47439	971
97316	972
1448478	973
335251	974
1392817	975
603233	976
210054	977
240064	978
209415	979
206472	980
44337	981
73523	982
129041	983
294411	984
1311789	985
293289	986
81309	987
1221968	988
55495	989
278332	990
1890738	991
1428231	992
1654517	993
41919	994
210362	995
2018428	996
91962	997
164011	998
190704	999
498396	1000
1594854	1001
345264	1002
722849	1003
143133	1004
195486	1005
234589	1006
84954	1007
119733	1008
286742	1009
589412	1010
301216	1011
74165	1012
360872	1013
264103	1014
1049731	1015
197966	1016
33481	1017
344397	1018
39789	1019
126180	1020
106427	1021
1365404	1022
12399	1023
56003	1024
26511	1025
29692	1026
68538	1027
172514	1028
208216	1029
109403	1030
474750	1031
209790	1032
861007	1033
1633068	1034
30259	1035
2130332	1036
58975	1037
61039	1038
714815	1039
1651473	1040
61274	1041
8684	1042
120609	1043
222875	1044
1221163	1045
18431	1046
89110	1047
240141	1048
82120	1049
8637	1050
241911	1051
45553	1052
285861	1053
888591	1054
147460	1055
41558	1056
157563	1057
78038	1058
325950	1059
93570	1060
290248	1061
78604	1062
177283	1063
617792	1064
111813	1065
967056	1066
125515	1067
818707	1068
269556	1069
58643	1070
67970	1071
924299	1072
158594	1073
126363	1074
253977	1075
364412	1076
140408	1077
460285	1078
843583	1079
168975	1080
19	1081
635596	1082
685017	1083
208491	1084
331409	1085
115349	1086
93777	1087
43311	1088
18331	1089
193533	1090
118790	1091
297623	1092
19128	1093
518417	1094
414861	1095
188666	1096
61161	1097
52731	1098
33799	1099
107684	1100
547760	1101
578383	1102
4141	1103
41551	1104
786984	1105
163789	1106
501143	1107
73842	1108
217797	1109
495005	1110
701823	1111
45743	1112
61462	1113
354395	1114
237066	1115
107334	1116
199865	1117
212278	1118
1402791	1119
64415	1120
290374	1121
482412	1122
61956	1123
630749	1124
10429	1125
111193	1126
77982	1127
94941	1128
1039049	1129
100960	1130
78439	1131
349248	1132
551725	1133
76990	1134
1005693	1135
462410	1136
956931	1137
209894	1138
1224410	1139
10716	1140
178447	1141
7759	1142
124129	1143
74875	1144
864018	1145
1862464	1146
122142	1147
162139	1148
836475	1149
183072	1150
620151	1151
1133300	1152
1395628	1153
118201	1154
85034	1155
463766	1156
334608	1157
161563	1158
160694	1159
275064	1160
423227	1161
17792	1162
130406	1163
495966	1164
92565	1165
711264	1166
1182624	1167
181586	1168
1472533	1169
10871	1170
143336	1171
61851	1172
1334941	1173
349835	1174
463252	1175
256021	1176
1743314	1177
295005	1178
695841	1179
257223	1180
1690418	1181
71466	1182
60941	1183
80787	1184
1563336	1185
68470	1186
224367	1187
994598	1188
169558	1189
927226	1190
385383	1191
97343	1192
702076	1193
1269968	1194
180757	1195
11891	1196
5995	1197
52018	1198
188766	1199
157483	1200
91257	1201
189135	1202
292370	1203
176684	1204
287424	1205
1590577	1206
317622	1207
653109	1208
25964	1209
300045	1210
382382	1211
180957	1212
1160452	1213
188284	1214
414060	1215
412581	1216
697945	1217
12424	1218
61894	1219
962399	1220
174220	1221
939215	1222
863548	1223
352699	1224
324160	1225
67854	1226
97991	1227
190744	1228
228060	1229
156864	1230
95285	1231
110592	1232
128818	1233
61523	1234
60393	1235
732912	1236
1181562	1237
1795830	1238
179247	1239
183756	1240
804953	1241
632953	1242
1209256	1243
146882	1244
189040	1245
31329	1246
3687	1247
800224	1248
755171	1249
116313	1250
74584	1251
310308	1252
578062	1253
142175	1254
4027	1255
13798	1256
1201478	1257
319	1258
1256762	1259
128204	1260
62435	1261
1251938	1262
398197	1263
752808	1264
188916	1265
222171	1266
182809	1267
2177	1268
630289	1269
57415	1270
130960	1271
252362	1272
312654	1273
942656	1274
539022	1275
39447	1276
1021405	1277
267188	1278
204633	1279
114263	1280
4597	1281
12598	1282
530003	1283
48247	1284
220950	1285
31763	1286
229371	1287
77392	1288
228606	1289
377114	1290
4284	1291
352905	1292
324707	1293
91061	1294
30962	1295
63482	1296
204693	1297
34379	1298
1562920	1299
46425	1300
136611	1301
345601	1302
61629	1303
76833	1304
174935	1305
1167892	1306
313842	1307
66904	1308
896461	1309
12699	1310
266670	1311
1296005	1312
648351	1313
433821	1314
222145	1315
167511	1316
61808	1317
285211	1318
887900	1319
581524	1320
358705	1321
621346	1322
835071	1323
145861	1324
140980	1325
1563435	1326
1688912	1327
105829	1328
182143	1329
99816	1330
1029180	1331
1009722	1332
1258051	1333
161061	1334
232307	1335
149992	1336
109232	1337
1389857	1338
813954	1339
37440	1340
602912	1341
398124	1342
31238	1343
9017	1344
627973	1345
194606	1346
189388	1347
497867	1348
277576	1349
211015	1350
12492	1351
9437	1352
155825	1353
100179	1354
423958	1355
20369	1356
31415	1357
53584	1358
132353	1359
143523	1360
1560753	1361
210450	1362
192305	1363
207474	1364
262577	1365
406819	1366
31102	1367
136434	1368
203769	1369
212546	1370
1926543	1371
114980	1372
144754	1373
115373	1374
1320605	1375
106432	1376
27898	1377
191221	1378
3566	1379
181448	1380
35846	1381
155403	1382
1613440	1383
5602	1384
779610	1385
597281	1386
178409	1387
149893	1388
1541650	1389
1057	1390
162161	1391
396243	1392
52386	1393
526400	1394
383407	1395
4595	1396
93913	1397
564742	1398
266189	1399
217581	1400
208928	1401
99267	1402
1445152	1403
46004	1404
246974	1405
220659	1406
706932	1407
165043	1408
158163	1409
1140251	1410
380187	1411
824032	1412
130500	1413
211910	1414
1408295	1415
280551	1416
1646955	1417
18535	1418
124629	1419
415554	1420
1196250	1421
356708	1422
283600	1423
1372425	1424
114775	1425
2057813	1426
76065	1427
8095	1428
132513	1429
1110031	1430
161116	1431
261730	1432
183276	1433
530598	1434
141426	1435
254919	1436
751619	1437
352888	1438
217841	1439
246996	1440
179392	1441
1720114	1442
171446	1443
100090	1444
98228	1445
18073	1446
68037	1447
98615	1448
68042	1449
495744	1450
209456	1451
215661	1452
1615545	1453
1546596	1454
4161	1455
2150328	1456
257515	1457
6138	1458
1193248	1459
113631	1460
634853	1461
84314	1462
179517	1463
1689300	1464
168076	1465
291529	1466
282131	1467
8169	1468
30822	1469
555820	1470
687609	1471
54	1472
312563	1473
581	1474
1011064	1475
85095	1476
192162	1477
21391	1478
88833	1479
214179	1480
230610	1481
205117	1482
91418	1483
1795878	1484
176852	1485
223813	1486
202721	1487
157974	1488
1304187	1489
425372	1490
85514	1491
402949	1492
1412147	1493
650087	1494
156003	1495
709800	1496
352683	1497
339768	1498
25503	1499
11378	1500
572791	1501
284273	1502
404522	1503
5966	1504
178746	1505
214673	1506
552647	1507
1733193	1508
170664	1509
100690	1510
1258324	1511
582348	1512
280137	1513
2078298	1514
1459784	1515
124964	1516
413260	1517
424771	1518
801045	1519
595891	1520
169510	1521
272374	1522
175939	1523
711419	1524
161442	1525
81442	1526
31398	1527
1225706	1528
58240	1529
45240	1530
75487	1531
92741	1532
226467	1533
30031	1534
80590	1535
304940	1536
6723	1537
538136	1538
1041209	1539
1389	1540
51309	1541
1570135	1542
231778	1543
1255946	1544
99162	1545
28116	1546
26549	1547
1169163	1548
326334	1549
535	1550
2046359	1551
161976	1552
80889	1553
61599	1554
243943	1555
17124	1556
699240	1557
20383	1558
211812	1559
201469	1560
146386	1561
1315041	1562
112266	1563
144048	1564
21264	1565
681144	1566
111574	1567
290289	1568
118944	1569
480228	1570
7585	1571
84698	1572
235873	1573
888848	1574
295517	1575
30565	1576
869396	1577
325444	1578
210677	1579
1060145	1580
124230	1581
1725610	1582
197306	1583
149641	1584
1296220	1585
232042	1586
1126839	1587
180233	1588
810863	1589
125368	1590
99520	1591
224420	1592
219649	1593
85965	1594
651859	1595
175434	1596
184756	1597
50539	1598
1860489	1599
109642	1600
952214	1601
35700	1602
75089	1603
61216	1604
236058	1605
474727	1606
662953	1607
178522	1608
81237	1609
60011	1610
729662	1611
45169	1612
392668	1613
21896	1614
78	1615
1844384	1616
88602	1617
448490	1618
1260431	1619
1548875	1620
728265	1621
711323	1622
404491	1623
38012	1624
207852	1625
127961	1626
642317	1627
169122	1628
937738	1629
75255	1630
1067936	1631
72740	1632
10967	1633
161560	1634
758428	1635
155944	1636
85656	1637
202936	1638
698412	1639
132053	1640
151196	1641
52886	1642
48335	1643
190024	1644
104911	1645
157064	1646
52506	1647
852090	1648
335124	1649
119481	1650
84579	1651
196929	1652
96089	1653
549095	1654
947925	1655
16637	1656
766123	1657
252386	1658
1225078	1659
1901090	1660
102461	1661
71158	1662
523778	1663
141671	1664
1115438	1665
477834	1666
477499	1667
734228	1668
119492	1669
52803	1670
682741	1671
328999	1672
43160	1673
110954	1674
126786	1675
204934	1676
167234	1677
1503805	1678
371447	1679
234725	1680
95540	1681
280195	1682
1037437	1683
159704	1684
189510	1685
157849	1686
223012	1687
76420	1688
667992	1689
482916	1690
319338	1691
1513575	1692
1054638	1693
196827	1694
1177556	1695
825875	1696
1413300	1697
452446	1698
618976	1699
29967	1700
368875	1701
143668	1702
218271	1703
4957	1704
900604	1705
364474	1706
215187	1707
81379	1708
224468	1709
46299	1710
221750	1711
552550	1712
1867447	1713
202975	1714
173663	1715
38193	1716
103719	1717
159490	1718
140497	1719
1561161	1720
77598	1721
58	1722
19941	1723
392722	1724
362667	1725
34391	1726
942156	1727
32524	1728
305256	1729
7655	1730
119808	1731
51332	1732
966874	1733
404648	1734
2066489	1735
89127	1736
700000	1737
82895	1738
163898	1739
1415411	1740
801580	1741
215722	1742
33198	1743
208245	1744
34062	1745
125122	1746
541363	1747
726525	1748
547808	1749
21328	1750
111613	1751
710548	1752
1395896	1753
221560	1754
96149	1755
89241	1756
1268334	1757
59253	1758
253770	1759
122850	1760
234897	1761
279220	1762
275567	1763
148753	1764
1056213	1765
235535	1766
1173145	1767
104557	1768
50620	1769
55842	1770
53570	1771
63915	1772
80761	1773
29446	1774
665540	1775
116296	1776
109338	1777
223956	1778
239597	1779
1323160	1780
6002	1781
207083	1782
57126	1783
169778	1784
226668	1785
1396918	1786
403875	1787
25107	1788
1305814	1789
83121	1790
373575	1791
180597	1792
87592	1793
294470	1794
755370	1795
1641871	1796
548053	1797
1359820	1798
127687	1799
1295514	1800
125611	1801
129525	1802
46820	1803
415166	1804
400715	1805
131529	1806
228812	1807
752923	1808
675167	1809
75546	1810
49150	1811
53280	1812
109741	1813
341559	1814
1091095	1815
441280	1816
228943	1817
1549232	1818
181471	1819
499000	1820
46338	1821
229473	1822
112756	1823
314245	1824
143230	1825
322573	1826
1250038	1827
95413	1828
217298	1829
120242	1830
287329	1831
160558	1832
110197	1833
883073	1834
304938	1835
290237	1836
264803	1837
173934	1838
13258	1839
147866	1840
1301481	1841
38691	1842
302810	1843
217686	1844
258504	1845
217845	1846
1826769	1847
100649	1848
134472	1849
32145	1850
98780	1851
81171	1852
183888	1853
685911	1854
121923	1855
6340	1856
348761	1857
530738	1858
1665020	1859
1324662	1860
1337218	1861
111636	1862
534632	1863
124820	1864
9049	1865
73067	1866
741651	1867
44157	1868
120022	1869
256435	1870
33477	1871
1897659	1872
712892	1873
292358	1874
1023261	1875
204670	1876
569531	1877
229134	1878
166607	1879
121991	1880
691795	1881
149908	1882
183423	1883
236356	1884
34304	1885
85306	1886
139185	1887
1924356	1888
1088953	1889
181750	1890
15529	1891
1495582	1892
368101	1893
671143	1894
50152	1895
252292	1896
195154	1897
542158	1898
6104	1899
789022	1900
354000	1901
1654124	1902
136367	1903
206228	1904
171710	1905
83150	1906
136432	1907
215974	1908
450724	1909
64291	1910
294573	1911
1346908	1912
105402	1913
384079	1914
313296	1915
218993	1916
94929	1917
101820	1918
309231	1919
17969	1920
15327	1921
80607	1922
1204087	1923
107290	1924
165968	1925
295045	1926
247348	1927
308409	1928
427889	1929
109324	1930
287096	1931
326070	1932
1041042	1933
265537	1934
1474025	1935
1216837	1936
933730	1937
728689	1938
24589	1939
973160	1940
286347	1941
17855	1942
977675	1943
1699504	1944
517113	1945
1842668	1946
161055	1947
17233	1948
110849	1949
247656	1950
192118	1951
108656	1952
62702	1953
2999	1954
52276	1955
132958	1956
63228	1957
110296	1958
209634	1959
957251	1960
842720	1961
785069	1962
178513	1963
2008056	1964
220681	1965
233157	1966
1602280	1967
935575	1968
1345432	1969
178084	1970
382089	1971
871045	1972
819327	1973
919866	1974
747349	1975
244891	1976
1578368	1977
1216460	1978
155995	1979
116395	1980
1885060	1981
171437	1982
1691245	1983
99511	1984
176754	1985
53516	1986
511055	1987
277407	1988
2042929	1989
232079	1990
121812	1991
69034	1992
76019	1993
42995	1994
162587	1995
122864	1996
45621	1997
117760	1998
249711	1999
1344686	2000
260023	2001
1245328	2002
112394	2003
170763	2004
345488	2005
1404	2006
1456933	2007
292472	2008
93953	2009
561994	2010
1768709	2011
156839	2012
121464	2013
232155	2014
336312	2015
730928	2016
339400	2017
370228	2018
142385	2019
883535	2020
1520695	2021
1712594	2022
38607	2023
769766	2024
97368	2025
261252	2026
92756	2027
9888	2028
184816	2029
117074	2030
108031	2031
875605	2032
549910	2033
1191911	2034
697339	2035
39650	2036
1233331	2037
75063	2038
434987	2039
153605	2040
169374	2041
94671	2042
349281	2043
551500	2044
21179	2045
244372	2046
1452219	2047
1094649	2048
1694577	2049
150015	2050
1739937	2051
874082	2052
394865	2053
264377	2054
265896	2055
890625	2056
2330	2057
82727	2058
171911	2059
81203	2060
448535	2061
1533047	2062
214283	2063
673919	2064
438415	2065
213501	2066
61291	2067
6158	2068
77073	2069
943496	2070
225349	2071
270561	2072
476694	2073
1312040	2074
3592	2075
74365	2076
206461	2077
1412103	2078
23816	2079
123064	2080
526799	2081
2051866	2082
1976462	2083
19620	2084
1066933	2085
36413	2086
329070	2087
751321	2088
339058	2089
1007685	2090
482194	2091
1440157	2092
94341	2093
175063	2094
206469	2095
1966624	2096
54015	2097
15916	2098
478840	2099
1168433	2100
218034	2101
120225	2102
21905	2103
93959	2104
235256	2105
812514	2106
830183	2107
197685	2108
228793	2109
156684	2110
69256	2111
159927	2112
1630511	2113
751874	2114
34858	2115
1065129	2116
48679	2117
86023	2118
135404	2119
92153	2120
224895	2121
123985	2122
1057151	2123
54437	2124
1120877	2125
27761	2126
283704	2127
282488	2128
106792	2129
640117	2130
548590	2131
21596	2132
1733330	2133
1268577	2134
22660	2135
111819	2136
193564	2137
536961	2138
1780517	2139
117244	2140
1643778	2141
965977	2142
35918	2143
334424	2144
607535	2145
122201	2146
182038	2147
1681340	2148
108975	2149
204854	2150
268176	2151
358919	2152
1167383	2153
127228	2154
872877	2155
109125	2156
20186	2157
129278	2158
55983	2159
31529	2160
57629	2161
87504	2162
1069965	2163
107705	2164
49145	2165
89511	2166
1442541	2167
35645	2168
45841	2169
1222570	2170
196130	2171
45179	2172
1642086	2173
60933	2174
940337	2175
293741	2176
114525	2177
7797	2178
196426	2179
375144	2180
323193	2181
94578	2182
190612	2183
142287	2184
71012	2185
82029	2186
255933	2187
23402	2188
514892	2189
78253	2190
404345	2191
145282	2192
71779	2193
257207	2194
1859695	2195
139256	2196
148225	2197
99700	2198
1585139	2199
97676	2200
428046	2201
337264	2202
463347	2203
1263827	2204
72874	2205
198654	2206
190676	2207
81978	2208
208205	2209
555327	2210
33731	2211
1925918	2212
225508	2213
159372	2214
1236515	2215
603855	2216
130373	2217
240109	2218
203456	2219
66645	2220
260948	2221
748156	2222
656913	2223
1910711	2224
231550	2225
187898	2226
1177647	2227
59997	2228
126334	2229
114180	2230
83297	2231
20141	2232
56600	2233
682748	2234
228533	2235
1469218	2236
285520	2237
360689	2238
309852	2239
1053784	2240
10837	2241
199936	2242
75274	2243
79378	2244
501636	2245
576124	2246
1281954	2247
13453	2248
764311	2249
93763	2250
768070	2251
295271	2252
447288	2253
123887	2254
203800	2255
445727	2256
2133654	2257
85522	2258
1946207	2259
308398	2260
105030	2261
66216	2262
299328	2263
469028	2264
20640	2265
184173	2266
6094	2267
354357	2268
247855	2269
84443	2270
133066	2271
243899	2272
167001	2273
711551	2274
51896	2275
1454430	2276
1477990	2277
136266	2278
154027	2279
101248	2280
8122	2281
433991	2282
93203	2283
104600	2284
96413	2285
217832	2286
303773	2287
63853	2288
18567	2289
249489	2290
1648590	2291
91644	2292
272815	2293
65067	2294
89514	2295
896393	2296
176869	2297
146232	2298
174500	2299
6114	2300
1272672	2301
150050	2302
343009	2303
584907	2304
203671	2305
178697	2306
61649	2307
13647	2308
1027226	2309
1063	2310
2291	2311
5499	2312
5421	2313
1027578	2314
95220	2315
185099	2316
48297	2317
151377	2318
137034	2319
225176	2320
1510429	2321
447957	2322
203870	2323
168005	2324
67489	2325
134842	2326
88333	2327
144279	2328
1493436	2329
501736	2330
9275	2331
639869	2332
42837	2333
324041	2334
806953	2335
874014	2336
471298	2337
80523	2338
159837	2339
1654013	2340
1770036	2341
190690	2342
565307	2343
339106	2344
1852969	2345
154188	2346
376068	2347
16273	2348
273421	2349
266548	2350
59321	2351
511585	2352
29448	2353
1713676	2354
182177	2355
99176	2356
283087	2357
164756	2358
211710	2359
2009	2360
267631	2361
922538	2362
1371652	2363
639233	2364
572425	2365
1392749	2366
1316942	2367
720971	2368
1131404	2369
447092	2370
1234315	2371
39218	2372
1067356	2373
622147	2374
192044	2375
5975	2376
385595	2377
129359	2378
4786	2379
378439	2380
791124	2381
711213	2382
90215	2383
101852	2384
550411	2385
49130	2386
22468	2387
90283	2388
235194	2389
929640	2390
678948	2391
237438	2392
2134629	2393
345966	2394
214186	2395
917580	2396
177449	2397
404871	2398
183758	2399
110789	2400
214873	2401
204800	2402
1453233	2403
124533	2404
46905	2405
694295	2406
118720	2407
1286747	2408
1358329	2409
81063	2410
785617	2411
1711459	2412
1752778	2413
531328	2414
242016	2415
81159	2416
75081	2417
102516	2418
245632	2419
17609	2420
127475	2421
70956	2422
112897	2423
263840	2424
52143	2425
227067	2426
801150	2427
240029	2428
70190	2429
178724	2430
53450	2431
84713	2432
86141	2433
338375	2434
1709016	2435
339312	2436
765757	2437
48526	2438
132547	2439
359756	2440
46438	2441
32085	2442
1678997	2443
27728	2444
194963	2445
38924	2446
32212	2447
43183	2448
156891	2449
1570777	2450
1218157	2451
402543	2452
413367	2453
279179	2454
198106	2455
424124	2456
212525	2457
242235	2458
748387	2459
145701	2460
559380	2461
19255	2462
15982	2463
79486	2464
335567	2465
56143	2466
937900	2467
366523	2468
65850	2469
257495	2470
1359861	2471
1177300	2472
1551855	2473
347899	2474
192430	2475
644718	2476
103905	2477
95857	2478
1040226	2479
48014	2480
330277	2481
84610	2482
303306	2483
198906	2484
1511888	2485
151112	2486
171511	2487
28070	2488
782922	2489
477450	2490
1471582	2491
222854	2492
699696	2493
546785	2494
861973	2495
194581	2496
163130	2497
1249176	2498
665042	2499
96569	2500
27261	2501
420334	2502
492299	2503
419692	2504
183556	2505
29889	2506
952766	2507
802484	2508
833884	2509
801669	2510
113209	2511
420031	2512
72285	2513
60861	2514
327830	2515
228307	2516
1447449	2517
23293	2518
203156	2519
226666	2520
203201	2521
382334	2522
658318	2523
215292	2524
143536	2525
2108436	2526
124776	2527
1642141	2528
81698	2529
43687	2530
1014356	2531
119552	2532
226912	2533
1273007	2534
291848	2535
4390	2536
1641622	2537
1651419	2538
126801	2539
299151	2540
540908	2541
217970	2542
147794	2543
23342	2544
157637	2545
475824	2546
14732	2547
23062	2548
105395	2549
179194	2550
104659	2551
1532303	2552
267652	2553
43876	2554
103684	2555
195288	2556
1859	2557
42661	2558
32793	2559
749321	2560
13627	2561
649649	2562
757798	2563
1852867	2564
100692	2565
126117	2566
1211320	2567
20372	2568
1071116	2569
1299392	2570
115054	2571
1506689	2572
157811	2573
212725	2574
1397315	2575
163498	2576
160683	2577
634940	2578
169781	2579
281355	2580
647887	2581
1675782	2582
977410	2583
328491	2584
366861	2585
151276	2586
127364	2587
302337	2588
48220	2589
110320	2590
208087	2591
531829	2592
191179	2593
192462	2594
34715	2595
13268	2596
121015	2597
134117	2598
108050	2599
101091	2600
1647813	2601
1420424	2602
268105	2603
1495449	2604
186066	2605
1588150	2606
387599	2607
352747	2608
687695	2609
407255	2610
85812	2611
1607420	2612
1000872	2613
115574	2614
200963	2615
1577797	2616
448	2617
1637234	2618
150077	2619
153436	2620
147154	2621
1951351	2622
167034	2623
359676	2624
71372	2625
113895	2626
138361	2627
33183	2628
105850	2629
93214	2630
1007351	2631
1294316	2632
1093968	2633
41977	2634
575482	2635
778743	2636
264474	2637
366300	2638
349425	2639
910025	2640
307518	2641
878909	2642
472558	2643
87994	2644
223258	2645
84559	2646
286303	2647
225490	2648
243312	2649
1881577	2650
206655	2651
381683	2652
631191	2653
310199	2654
284003	2655
78642	2656
1229473	2657
122813	2658
178625	2659
161180	2660
156167	2661
137312	2662
812703	2663
324838	2664
772378	2665
267950	2666
71059	2667
363638	2668
192889	2669
233409	2670
882730	2671
182872	2672
1866536	2673
1516127	2674
418450	2675
207204	2676
1365098	2677
993723	2678
61103	2679
175435	2680
154593	2681
608243	2682
574532	2683
108197	2684
465216	2685
635331	2686
483423	2687
1270712	2688
1355723	2689
119893	2690
835940	2691
335092	2692
189466	2693
259201	2694
119321	2695
186553	2696
217790	2697
1896291	2698
1298567	2699
740594	2700
78374	2701
1505379	2702
1058765	2703
162519	2704
12242	2705
167896	2706
28081	2707
1112020	2708
22706	2709
68215	2710
8348	2711
170345	2712
97271	2713
785344	2714
321422	2715
207354	2716
107902	2717
41727	2718
444700	2719
914197	2720
288787	2721
649203	2722
1354841	2723
554719	2724
73256	2725
96786	2726
91804	2727
859078	2728
351619	2729
105787	2730
1847324	2731
316063	2732
319171	2733
426071	2734
1341356	2735
210435	2736
1010107	2737
41864	2738
805963	2739
1593193	2740
2087934	2741
314340	2742
318103	2743
562121	2744
11892	2745
140739	2746
240014	2747
1379537	2748
922414	2749
33216	2750
1678699	2751
660672	2752
61020	2753
45152	2754
183889	2755
1548964	2756
192677	2757
4703	2758
1052324	2759
155744	2760
82387	2761
47497	2762
168224	2763
277888	2764
122853	2765
450193	2766
108674	2767
903110	2768
27354	2769
83045	2770
84410	2771
9650	2772
1212954	2773
95555	2774
120039	2775
1637761	2776
121416	2777
149093	2778
89237	2779
268945	2780
264232	2781
92140	2782
269198	2783
508838	2784
129722	2785
2698	2786
767556	2787
377486	2788
432334	2789
285638	2790
357910	2791
107517	2792
1042043	2793
435843	2794
1708079	2795
31900	2796
96865	2797
4279	2798
262598	2799
224522	2800
214723	2801
77899	2802
249569	2803
1737650	2804
169672	2805
888648	2806
242110	2807
110346	2808
199864	2809
401345	2810
76866	2811
601947	2812
57890	2813
852189	2814
448039	2815
45288	2816
207327	2817
108988	2818
77652	2819
128290	2820
187958	2821
1517365	2822
1552207	2823
347123	2824
24923	2825
209805	2826
1671941	2827
1399261	2828
1415826	2829
1002026	2830
252467	2831
512075	2832
1607010	2833
217454	2834
1342410	2835
1643107	2836
335116	2837
295486	2838
185988	2839
102721	2840
24601	2841
98561	2842
137015	2843
54678	2844
54499	2845
176503	2846
92881	2847
1889459	2848
191928	2849
30419	2850
1087745	2851
1060671	2852
190920	2853
43375	2854
51947	2855
54985	2856
366247	2857
95339	2858
216794	2859
222285	2860
365899	2861
13395	2862
117299	2863
448383	2864
12441	2865
111856	2866
134931	2867
367955	2868
110207	2869
109774	2870
5009	2871
31976	2872
185429	2873
180657	2874
71805	2875
307832	2876
4894	2877
480287	2878
2423	2879
78483	2880
211472	2881
888753	2882
90547	2883
372213	2884
665914	2885
208461	2886
126555	2887
252081	2888
181019	2889
1535115	2890
274235	2891
599015	2892
104277	2893
173980	2894
1472	2895
19678	2896
224322	2897
861888	2898
152631	2899
81134	2900
357337	2901
124909	2902
209788	2903
200128	2904
32123	2905
130326	2906
402681	2907
966100	2908
68096	2909
702698	2910
1634181	2911
138684	2912
1899626	2913
1508844	2914
75991	2915
83195	2916
76239	2917
241273	2918
21382	2919
1159715	2920
113043	2921
772990	2922
84046	2923
43452	2924
2113198	2925
9071	2926
237983	2927
1156090	2928
55455	2929
480303	2930
647950	2931
347370	2932
751668	2933
688954	2934
553369	2935
174692	2936
116696	2937
101112	2938
104516	2939
538830	2940
13389	2941
948694	2942
97922	2943
1486209	2944
100691	2945
192504	2946
173624	2947
84777	2948
42904	2949
40263	2950
134380	2951
1627957	2952
102200	2953
470568	2954
95621	2955
186441	2956
567393	2957
295629	2958
585423	2959
54836	2960
1757131	2961
802150	2962
381228	2963
104050	2964
311798	2965
148220	2966
65052	2967
83928	2968
62241	2969
1207189	2970
89531	2971
619227	2972
1641606	2973
392313	2974
595591	2975
159694	2976
1416803	2977
1500198	2978
87593	2979
800100	2980
1039453	2981
132734	2982
2452	2983
4907	2984
288974	2985
53178	2986
399912	2987
36785	2988
374283	2989
333536	2990
402771	2991
370802	2992
99759	2993
102032	2994
1412657	2995
89812	2996
143345	2997
254504	2998
1095056	2999
633332	3000
310528	3001
31018	3002
153392	3003
183850	3004
1409053	3005
72160	3006
1966910	3007
138606	3008
91610	3009
544182	3010
1941108	3011
109199	3012
347157	3013
11150	3014
1543079	3015
43316	3016
79555	3017
1924636	3018
1050733	3019
40844	3020
890882	3021
176151	3022
231740	3023
635394	3024
148592	3025
1004258	3026
58912	3027
259900	3028
1209309	3029
116699	3030
371117	3031
448758	3032
241074	3033
1398995	3034
1427840	3035
73820	3036
122882	3037
173765	3038
358678	3039
1551146	3040
625808	3041
2087087	3042
1159390	3043
452522	3044
636067	3045
272664	3046
814904	3047
493487	3048
27083	3049
951179	3050
239907	3051
161082	3052
1070031	3053
104926	3054
199785	3055
1060878	3056
78285	3057
17476	3058
1253583	3059
974574	3060
730304	3061
799059	3062
25277	3063
178493	3064
192656	3065
277468	3066
30658	3067
594489	3068
168894	3069
547812	3070
3209	3071
604764	3072
414774	3073
295866	3074
50244	3075
509848	3076
979236	3077
873649	3078
133718	3079
352631	3080
1211187	3081
1447862	3082
147998	3083
148057	3084
177940	3085
397816	3086
227802	3087
156210	3088
1974141	3089
100911	3090
77404	3091
394274	3092
830280	3093
594095	3094
128059	3095
671402	3096
178204	3097
180714	3098
388358	3099
207422	3100
132704	3101
152066	3102
153855	3103
127739	3104
665308	3105
311830	3106
48216	3107
118367	3108
1440071	3109
146396	3110
383869	3111
752278	3112
1060640	3113
156561	3114
993608	3115
54110	3116
134379	3117
1106384	3118
54766	3119
390614	3120
224285	3121
308079	3122
272304	3123
196235	3124
16552	3125
1138621	3126
181276	3127
54328	3128
145027	3129
854	3130
1573641	3131
1073400	3132
206370	3133
1378786	3134
122207	3135
190372	3136
97542	3137
961087	3138
82968	3139
2086370	3140
28489	3141
22993	3142
188641	3143
130022	3144
60672	3145
93065	3146
344602	3147
114748	3148
231941	3149
1179050	3150
1004796	3151
944425	3152
323312	3153
167858	3154
47331	3155
255737	3156
365741	3157
220603	3158
54189	3159
180217	3160
57267	3161
1245520	3162
1442126	3163
279015	3164
156090	3165
580541	3166
1098261	3167
73302	3168
12865	3169
44360	3170
794630	3171
539385	3172
73399	3173
33100	3174
413005	3175
31647	3176
78088	3177
53845	3178
1656553	3179
108466	3180
958748	3181
2106867	3182
69090	3183
4796	3184
40595	3185
873751	3186
59374	3187
171924	3188
237420	3189
275	3190
265550	3191
69578	3192
836684	3193
162573	3194
93184	3195
266975	3196
297838	3197
812593	3198
196366	3199
108507	3200
290234	3201
108723	3202
224200	3203
122914	3204
286712	3205
291690	3206
389470	3207
10040	3208
675361	3209
108246	3210
996319	3211
113728	3212
83067	3213
326398	3214
62570	3215
1770542	3216
160803	3217
154502	3218
11117	3219
85951	3220
227136	3221
118182	3222
92747	3223
219560	3224
2366	3225
33309	3226
45130	3227
7525	3228
368432	3229
92942	3230
1492393	3231
1196726	3232
111624	3233
1171976	3234
234208	3235
180632	3236
169059	3237
400980	3238
106696	3239
1450492	3240
73830	3241
1366532	3242
1647427	3243
1350697	3244
305072	3245
37714	3246
1175880	3247
105552	3248
287198	3249
330381	3250
40225	3251
313270	3252
245478	3253
1394158	3254
1400675	3255
1616673	3256
201183	3257
1482702	3258
146543	3259
852640	3260
269965	3261
338083	3262
83714	3263
274051	3264
39651	3265
1194766	3266
365101	3267
202529	3268
436989	3269
198593	3270
130091	3271
16285	3272
1203290	3273
752912	3274
98982	3275
306362	3276
111750	3277
38482	3278
291580	3279
319890	3280
1018044	3281
84475	3282
261513	3283
329860	3284
561848	3285
49415	3286
131320	3287
1612599	3288
304834	3289
836805	3290
359088	3291
87614	3292
127921	3293
204074	3294
258117	3295
473114	3296
411546	3297
1860812	3298
137394	3299
186383	3300
537615	3301
144307	3302
540	3303
34802	3304
127045	3305
31607	3306
1446783	3307
1111039	3308
4766	3309
50834	3310
1705660	3311
290243	3312
95790	3313
420740	3314
171813	3315
178865	3316
151338	3317
975787	3318
21661	3319
4445	3320
468265	3321
97953	3322
75607	3323
17042	3324
139872	3325
125700	3326
2393	3327
1495963	3328
268419	3329
604087	3330
161714	3331
279634	3332
88088	3333
1088527	3334
131560	3335
1303241	3336
1374199	3337
259717	3338
1182432	3339
109524	3340
100462	3341
91621	3342
107081	3343
12402	3344
595663	3345
313275	3346
324983	3347
47573	3348
19538	3349
211548	3350
320247	3351
1027582	3352
71949	3353
1958689	3354
1647048	3355
559994	3356
410417	3357
185506	3358
241468	3359
331144	3360
101316	3361
2028192	3362
1034551	3363
1791482	3364
436516	3365
48150	3366
72161	3367
116253	3368
1544581	3369
816253	3370
899760	3371
350247	3372
47843	3373
28828	3374
1721	3375
1590348	3376
245856	3377
1359669	3378
806	3379
207420	3380
1321287	3381
113465	3382
717651	3383
275332	3384
1829898	3385
291345	3386
512042	3387
6157	3388
1244376	3389
64231	3390
76830	3391
290107	3392
87201	3393
312033	3394
420209	3395
100158	3396
1671328	3397
428897	3398
394267	3399
12645	3400
420339	3401
407023	3402
163147	3403
278066	3404
198	3405
1744698	3406
260235	3407
123949	3408
33416	3409
268846	3410
32113	3411
184780	3412
1772955	3413
42144	3414
215942	3415
82200	3416
57883	3417
901453	3418
320080	3419
5987	3420
1180679	3421
137737	3422
51357	3423
220779	3424
192373	3425
114511	3426
10122	3427
77688	3428
511736	3429
302355	3430
114859	3431
64580	3432
422757	3433
117689	3434
220985	3435
6891	3436
141830	3437
351932	3438
149915	3439
705855	3440
770921	3441
439037	3442
70791	3443
182550	3444
753620	3445
37518	3446
37575	3447
670594	3448
67602	3449
19483	3450
101401	3451
151160	3452
253863	3453
209334	3454
209252	3455
100439	3456
1091439	3457
16527	3458
21610	3459
338212	3460
15844	3461
1434728	3462
263414	3463
187064	3464
1305970	3465
421213	3466
292031	3467
991195	3468
85342	3469
1026211	3470
201373	3471
61232	3472
86614	3473
676032	3474
313800	3475
134763	3476
68425	3477
169722	3478
148810	3479
450974	3480
445363	3481
200470	3482
728227	3483
48858	3484
902871	3485
177120	3486
194539	3487
19785	3488
263418	3489
2130904	3490
922898	3491
210453	3492
12195	3493
1367653	3494
152331	3495
1007216	3496
64650	3497
65176	3498
133016	3499
161573	3500
208641	3501
272102	3502
556917	3503
540852	3504
692905	3505
1154507	3506
54387	3507
53318	3508
1132677	3509
880426	3510
59326	3511
198968	3512
332472	3513
156794	3514
178664	3515
283214	3516
62082	3517
137935	3518
6871	3519
1370641	3520
506738	3521
160773	3522
98359	3523
44652	3524
47890	3525
5571	3526
74423	3527
44699	3528
547243	3529
53466	3530
34195	3531
941264	3532
1104271	3533
879703	3534
114086	3535
1446644	3536
109444	3537
205271	3538
23272	3539
389955	3540
146387	3541
156260	3542
78911	3543
141697	3544
857331	3545
996998	3546
111494	3547
1562284	3548
3748	3549
71794	3550
291800	3551
141687	3552
549549	3553
585944	3554
108608	3555
167701	3556
63764	3557
178217	3558
36848	3559
107542	3560
288514	3561
1538835	3562
178555	3563
133644	3564
335772	3565
1110161	3566
97226	3567
18913	3568
315587	3569
186968	3570
170547	3571
1213785	3572
116931	3573
197776	3574
1721834	3575
176006	3576
994852	3577
951384	3578
138892	3579
85784	3580
20782	3581
483896	3582
889669	3583
776669	3584
171161	3585
966698	3586
1001089	3587
1285561	3588
112239	3589
1374351	3590
50369	3591
307152	3592
11156	3593
222257	3594
146548	3595
123932	3596
445164	3597
41438	3598
125168	3599
127826	3600
134938	3601
1024963	3602
1725794	3603
968330	3604
292716	3605
158496	3606
218065	3607
254170	3608
260717	3609
2040245	3610
181912	3611
7713	3612
171503	3613
1084706	3614
115050	3615
440913	3616
715189	3617
1425836	3618
1122047	3619
13091	3620
52838	3621
269767	3622
27315	3623
124047	3624
326666	3625
3843	3626
1037227	3627
383035	3628
1089128	3629
1345426	3630
137486	3631
44605	3632
192053	3633
89753	3634
147328	3635
345609	3636
52214	3637
595022	3638
95548	3639
167785	3640
146195	3641
397995	3642
53269	3643
148581	3644
605651	3645
199116	3646
39728	3647
1415337	3648
231803	3649
131850	3650
71806	3651
1157476	3652
140985	3653
154039	3654
1209973	3655
22903	3656
169582	3657
787509	3658
144931	3659
243775	3660
82324	3661
494531	3662
47476	3663
380328	3664
171307	3665
96887	3666
1230079	3667
126237	3668
1543152	3669
225398	3670
57557	3671
967175	3672
65750	3673
102862	3674
110293	3675
453311	3676
102806	3677
500691	3678
706013	3679
61420	3680
1344506	3681
176447	3682
1732730	3683
267997	3684
247545	3685
1213	3686
294727	3687
1482436	3688
316484	3689
220981	3690
859681	3691
125864	3692
521543	3693
742802	3694
1605934	3695
121252	3696
73997	3697
144404	3698
12343	3699
594674	3700
60494	3701
291812	3702
266502	3703
89148	3704
33828	3705
7152	3706
81002	3707
111873	3708
869342	3709
68292	3710
1338469	3711
2001444	3712
1176476	3713
482220	3714
887927	3715
145307	3716
173082	3717
144954	3718
36696	3719
373364	3720
9845	3721
333475	3722
1069064	3723
1615194	3724
71067	3725
517396	3726
5442	3727
64763	3728
651362	3729
115576	3730
668129	3731
350175	3732
15960	3733
37019	3734
207320	3735
125467	3736
11247	3737
369356	3738
1622072	3739
150721	3740
1286140	3741
71770	3742
58320	3743
335089	3744
1806930	3745
480402	3746
144533	3747
1163208	3748
131855	3749
116524	3750
1289900	3751
102508	3752
119987	3753
649221	3754
294713	3755
301351	3756
1194779	3757
427650	3758
791919	3759
1982178	3760
94152	3761
709678	3762
130233	3763
3405	3764
303580	3765
20842	3766
172440	3767
140545	3768
98529	3769
57693	3770
210577	3771
1544674	3772
53054	3773
196167	3774
1169119	3775
1393267	3776
247883	3777
260306	3778
155252	3779
1086754	3780
217973	3781
955928	3782
863360	3783
87048	3784
178595	3785
1464871	3786
129906	3787
56265	3788
981552	3789
146290	3790
307265	3791
67271	3792
54057	3793
260547	3794
35791	3795
317942	3796
706246	3797
297436	3798
730174	3799
37017	3800
1374352	3801
80425	3802
256549	3803
674104	3804
267244	3805
47034	3806
155458	3807
1322955	3808
36643	3809
956786	3810
261428	3811
2088443	3812
695644	3813
244074	3814
116941	3815
28993	3816
1293883	3817
172834	3818
420573	3819
188374	3820
439085	3821
345121	3822
364404	3823
60701	3824
575110	3825
100566	3826
140293	3827
287801	3828
67339	3829
257651	3830
29742	3831
295	3832
118735	3833
514475	3834
286223	3835
86357	3836
274405	3837
177500	3838
137590	3839
268696	3840
988667	3841
606943	3842
718856	3843
131328	3844
4039	3845
240281	3846
268392	3847
72967	3848
336887	3849
126956	3850
192287	3851
319717	3852
700194	3853
22168	3854
39019	3855
1181457	3856
52645	3857
40717	3858
98041	3859
116639	3860
13178	3861
1052743	3862
315443	3863
111857	3864
37659	3865
252769	3866
434560	3867
348049	3868
1007299	3869
113089	3870
848230	3871
15973	3872
85241	3873
1109480	3874
78503	3875
67851	3876
212542	3877
298446	3878
433541	3879
1465996	3880
1015651	3881
408405	3882
729463	3883
1158414	3884
51260	3885
375048	3886
137612	3887
51478	3888
478196	3889
128384	3890
43029	3891
2032119	3892
22388	3893
145312	3894
267714	3895
25889	3896
529514	3897
196989	3898
1904231	3899
130681	3900
36892	3901
320321	3902
48037	3903
71024	3904
1488	3905
115410	3906
129284	3907
257700	3908
147249	3909
1042318	3910
10917	3911
620893	3912
149715	3913
1093292	3914
1270713	3915
617397	3916
221248	3917
113989	3918
132254	3919
65527	3920
219958	3921
138706	3922
1380338	3923
163745	3924
231315	3925
104164	3926
12392	3927
1443528	3928
221968	3929
128614	3930
776090	3931
97641	3932
179543	3933
622598	3934
465098	3935
224098	3936
63191	3937
812734	3938
250662	3939
273235	3940
160463	3941
51813	3942
240413	3943
139402	3944
1487731	3945
293703	3946
325994	3947
169916	3948
1794098	3949
182768	3950
462710	3951
142259	3952
64521	3953
623460	3954
207882	3955
66367	3956
14072	3957
151365	3958
154142	3959
995049	3960
267128	3961
340254	3962
190702	3963
298403	3964
311277	3965
214851	3966
257669	3967
188172	3968
952290	3969
177817	3970
75320	3971
411145	3972
230323	3973
1679987	3974
90185	3975
27466	3976
97661	3977
197682	3978
119947	3979
34024	3980
370929	3981
191033	3982
1992054	3983
104843	3984
79587	3985
85176	3986
216196	3987
202635	3988
184136	3989
447850	3990
51303	3991
106685	3992
968807	3993
337341	3994
524329	3995
389633	3996
46114	3997
110926	3998
163346	3999
98227	4000
131745	4001
1436240	4002
340133	4003
211084	4004
898254	4005
89755	4006
326199	4007
1877	4008
75580	4009
698713	4010
100913	4011
1801619	4012
194658	4013
19587	4014
147357	4015
1376884	4016
202632	4017
88958	4018
279974	4019
1386757	4020
1122127	4021
207298	4022
995166	4023
1586713	4024
104290	4025
1645771	4026
12894	4027
51692	4028
345310	4029
25193	4030
220474	4031
257102	4032
7174	4033
1933673	4034
16849	4035
750481	4036
1554656	4037
190639	4038
43539	4039
505839	4040
356588	4041
58328	4042
201647	4043
1314018	4044
222831	4045
86519	4046
134888	4047
168108	4048
91229	4049
195185	4050
196545	4051
8123	4052
161973	4053
134662	4054
165854	4055
524268	4056
664906	4057
121575	4058
432045	4059
366884	4060
141578	4061
14440	4062
1459826	4063
368888	4064
257153	4065
396503	4066
2163218	4067
342049	4068
183662	4069
55406	4070
342760	4071
49770	4072
81375	4073
1628221	4074
154001	4075
448905	4076
1951217	4077
259950	4078
80586	4079
61116	4080
1456470	4081
1012960	4082
102305	4083
77480	4084
1210714	4085
32378	4086
422296	4087
71993	4088
932018	4089
1022410	4090
495192	4091
396494	4092
641919	4093
282355	4094
17197	4095
257006	4096
236985	4097
377594	4098
437289	4099
796983	4100
1245066	4101
95542	4102
408809	4103
182288	4104
252627	4105
1494483	4106
2532	4107
168623	4108
55432	4109
14352	4110
208065	4111
77835	4112
100987	4113
632876	4114
215663	4115
94619	4116
374266	4117
46361	4118
145220	4119
158302	4120
1650580	4121
179881	4122
1017019	4123
1330174	4124
1600860	4125
187211	4126
6744	4127
123234	4128
109560	4129
775189	4130
312452	4131
198291	4132
141850	4133
953548	4134
69970	4135
1956607	4136
166756	4137
297948	4138
195415	4139
40412	4140
82551	4141
966167	4142
7484	4143
1452463	4144
1612618	4145
91656	4146
133914	4147
215673	4148
1315218	4149
35422	4150
1535667	4151
956618	4152
121428	4153
1744982	4154
1306641	4155
877142	4156
1011634	4157
52211	4158
122450	4159
61571	4160
5232	4161
9102	4162
171697	4163
208607	4164
121621	4165
253743	4166
1100384	4167
743485	4168
747923	4169
1119382	4170
1748223	4171
148766	4172
69570	4173
718610	4174
115358	4175
93687	4176
60326	4177
8765	4178
665899	4179
751342	4180
295811	4181
299399	4182
491991	4183
80904	4184
175650	4185
83500	4186
65489	4187
301522	4188
1412031	4189
172763	4190
301362	4191
226219	4192
4489	4193
147140	4194
97561	4195
93168	4196
230288	4197
955599	4198
1110358	4199
62013	4200
129302	4201
367980	4202
126897	4203
141985	4204
114305	4205
172087	4206
8357	4207
302074	4208
1090156	4209
145618	4210
170964	4211
55927	4212
864290	4213
330989	4214
655927	4215
87570	4216
107814	4217
219454	4218
21409	4219
178928	4220
433516	4221
30059	4222
931687	4223
684904	4224
185137	4225
110989	4226
372179	4227
1258961	4228
208600	4229
22456	4230
50837	4231
215675	4232
79484	4233
18040	4234
8101	4235
123257	4236
23689	4237
139916	4238
452235	4239
262251	4240
75872	4241
161969	4242
475966	4243
49899	4244
164822	4245
655882	4246
2013036	4247
307984	4248
846138	4249
144034	4250
160392	4251
30528	4252
133326	4253
1261512	4254
64891	4255
205962	4256
36766	4257
35561	4258
36049	4259
420525	4260
12779	4261
210639	4262
140272	4263
375527	4264
99458	4265
1617099	4266
53143	4267
174097	4268
591470	4269
141663	4270
994670	4271
166613	4272
1790664	4273
56449	4274
1629433	4275
248057	4276
13666	4277
355359	4278
976919	4279
95098	4280
7812	4281
18311	4282
396925	4283
74817	4284
363226	4285
1299206	4286
8349	4287
202724	4288
227028	4289
245521	4290
1071365	4291
121521	4292
352083	4293
302553	4294
249175	4295
1573659	4296
74151	4297
265881	4298
129591	4299
164348	4300
1708343	4301
190763	4302
333148	4303
70128	4304
1228113	4305
124315	4306
13393	4307
1661157	4308
118251	4309
136881	4310
37681	4311
611641	4312
20774	4313
307001	4314
27634	4315
347399	4316
379449	4317
108179	4318
939090	4319
429891	4320
108821	4321
94993	4322
745987	4323
364046	4324
654148	4325
212192	4326
354552	4327
334991	4328
1348058	4329
99557	4330
203068	4331
1416891	4332
330175	4333
223103	4334
316535	4335
287566	4336
1852929	4337
35870	4338
327672	4339
105336	4340
756629	4341
98482	4342
706005	4343
294491	4344
9618	4345
246100	4346
73576	4347
275391	4348
109467	4349
166685	4350
429032	4351
1812514	4352
932974	4353
233629	4354
308897	4355
294510	4356
97959	4357
95553	4358
545161	4359
786953	4360
368310	4361
146261	4362
163878	4363
486578	4364
340588	4365
337230	4366
503878	4367
211903	4368
938742	4369
24726	4370
108210	4371
771154	4372
130153	4373
315653	4374
517255	4375
36143	4376
1486195	4377
141070	4378
283798	4379
66315	4380
156265	4381
71971	4382
134107	4383
332202	4384
136309	4385
6227	4386
144648	4387
5712	4388
603075	4389
3649	4390
129502	4391
1535388	4392
159346	4393
127398	4394
457507	4395
178279	4396
1907980	4397
209491	4398
52201	4399
164583	4400
998495	4401
97886	4402
121941	4403
1427711	4404
916138	4405
56167	4406
251890	4407
498776	4408
281627	4409
123637	4410
680473	4411
84747	4412
30582	4413
103658	4414
332830	4415
98381	4416
700474	4417
205504	4418
26555	4419
971358	4420
8042	4421
64074	4422
963083	4423
153517	4424
558851	4425
78295	4426
434432	4427
906719	4428
90042	4429
129789	4430
103735	4431
97645	4432
43193	4433
74238	4434
149095	4435
218723	4436
68576	4437
1298236	4438
1222750	4439
854597	4440
1097156	4441
40288	4442
118803	4443
103203	4444
283	4445
1218646	4446
621945	4447
1795714	4448
90591	4449
51794	4450
117046	4451
47320	4452
150522	4453
1132933	4454
32780	4455
34187	4456
202797	4457
2107405	4458
1630467	4459
777109	4460
569852	4461
