3007	486
3119	3207
901	3162
2989	3923
15	110
338	257
2137	1537
661	97
2544	3812
680	3784
3323	2958
4078	1731
1190	3187
374	3349
1426	3249
2530	3334
219	1630
3740	2867
874	2138
567	778
572	3942
73	623
3456	2610
1505	3869
655	705
1620	3106
2488	28
2175	1292
3332	124
1563	3816
3619	3306
3442	1837
3567	1165
2192	1110
338	1451
1049	240
477	2569
452	49
2245	130
3007	3786
2717	2760
1099	890
2607	3625
431	1523
655	449
2979	4043
1745	2074
1250	1104
1666	554
1447	669
3323	3227
2989	1634
2272	814
2452	2574
4076	3327
1835	2627
1875	2746
3064	2863
1601	3499
267	4054
504	3450
1721	3546
551	3387
811	1749
2273	2028
3664	2315
985	132
234	2608
587	1050
2267	2633
1560	1874
3388	2852
2419	3103
2622	3656
1016	833
666	1570
3429	1133
3261	240
647	3640
407	1304
2195	2054
1429	1676
306	282
2607	413
3644	1816
1595	3234
1086	4081
3727	89
3020	958
3354	1564
3045	3634
2189	3248
821	2312
288	3328
814	3749
448	3063
3664	1770
3632	352
2565	466
1428	3627
151	3445
338	2850
2127	3167
4055	2034
3129	512
861	1081
3532	775
3632	1484
3374	1159
1163	809
343	2622
41	3258
835	3442
2072	1621
3007	2170
1103	3455
511	2687
442	2234
239	2820
1629	2754
445	2584
824	1758
1053	1879
2639	2018
1784	3375
2881	730
1505	2608
3042	2094
1529	1536
1978	2838
3567	1530
3430	2268
746	3315
996	3089
1988	2744
2064	3148
1505	3168
2080	961
1508	1774
2616	974
3015	1309
567	524
1547	3968
3009	2241
4003	4039
427	2347
428	2499
3299	3817
3075	1508
973	730
442	1226
3386	2033
2175	1118
977	3310
869	2724
3608	2753
2906	3613
176	3585
264	180
233	3530
1505	855
2464	895
1925	3735
3245	1953
349	1061
2854	1273
1553	3098
3323	1815
746	2334
2873	3790
3532	1667
2013	1084
1871	3856
1586	2547
1529	2764
3327	739
444	4082
1666	4039
2202	413
349	190
3833	3382
512	1339
2860	2123
1934	3101
1835	1283
230	78
2204	3710
655	4080
1675	3136
2452	3767
78	3930
799	2647
3608	2434
2802	1541
2073	3655
1301	2484
3705	1118
625	3868
3651	511
2505	2314
612	3058
2585	3604
473	2096
3243	3546
486	2225
712	171
2583	1648
3008	2872
3682	1964
2082	1195
2205	578
3179	1816
3285	1776
1731	2967
2793	1843
3902	25
3179	661
2665	3953
2383	771
789	2789
1246	2272
2568	2095
912	699
3742	1481
794	352
3239	287
343	2598
3647	3333
3371	2700
3332	1159
664	1640
473	2870
542	3030
853	2783
2663	2749
814	3334
2498	3879
2983	3048
2634	1491
1347	4030
3736	2982
2392	3038
4025	2931
545	843
2611	2356
462	2831
2256	3086
224	469
3494	1218
3727	1704
1545	2976
3163	2061
1550	3451
2519	3638
3007	605
1081	1106
314	742
2521	2538
947	2451
2452	2624
1275	3038
2915	3909
827	2506
2213	255
1698	3286
1408	3578
1529	783
3163	3808
3408	1209
3846	1759
1997	1050
899	1709
782	3547
1876	2518
655	3338
385	2519
220	523
1351	390
1444	2025
2200	960
845	137
2739	3251
2455	1543
242	1705
1016	2190
4012	823
1983	716
498	752
3592	2542
4001	1540
2989	1770
881	3169
681	774
1784	2900
2639	1701
2533	2498
1727	3724
3323	2385
4075	3506
2342	2194
861	1761
707	2013
2603	408
2612	184
3258	2406
65	511
3323	946
176	595
1253	261
15	3547
3303	528
1631	574
111	3854
2521	2986
3055	2906
3391	4069
655	2643
200	2093
2863	456
691	2548
823	2715
2639	1861
2533	559
338	318
913	1224
999	2191
562	455
3332	1568
3887	1416
2802	2477
2375	566
446	2725
2320	1359
1309	399
2749	739
2709	3985
2620	2655
3632	1730
2392	870
2093	479
61	2577
1154	2590
247	159
869	2497
3327	965
836	1669
2256	1423
2655	1423
1934	268
572	3520
3919	3884
502	2605
1701	362
929	380
3239	517
2517	2606
864	3835
2894	2907
3323	3906
562	24
1377	1004
4003	1895
3343	440
506	617
1663	3005
187	3467
3809	1898
2004	3243
511	1327
3773	1306
211	3566
3313	3440
3276	1554
2692	2918
3210	53
2784	2726
1934	2785
2072	447
2709	3753
3850	3015
205	2669
790	1102
349	2701
3435	1717
1484	730
839	255
694	3846
2117	735
982	815
2189	2161
391	1979
2571	1888
3425	3292
1421	3319
32	1462
2421	4023
1311	1828
2521	3359
473	446
498	2935
2083	2142
1128	3833
2824	2112
2659	2532
230	1276
3858	1580
3814	3099
3880	227
1531	474
1978	3095
693	1353
3872	2058
2176	3266
835	2652
2189	2614
2584	3848
2764	2942
1098	2006
1391	2687
2012	2033
3020	222
2409	1370
15	2266
3388	2644
326	1860
371	390
4001	63
442	1267
234	3200
3007	141
2746	2247
2251	1503
3884	7
3904	3018
4042	3868
2375	2766
989	1905
1947	1383
510	3144
2185	3391
15	765
934	716
2584	1445
3332	101
2517	85
2861	101
3791	3200
385	2351
3173	3828
1866	3573
2064	3821
7	493
3990	3780
355	470
3939	2583
1488	9
391	1916
1393	3782
2481	3132
3843	1935
1563	556
2521	3302
3491	3629
1977	3961
1301	20
3040	58
157	3602
1484	1360
219	1239
655	1379
4001	2178
3849	2905
1405	625
3007	371
3062	869
3507	3283
2303	2245
1135	766
835	329
4035	3488
2272	792
3369	2010
1911	2925
1484	2302
3210	2639
1945	3391
3137	1083
2233	1632
2418	3303
311	4029
3302	41
1531	3254
951	624
1441	3438
1332	472
950	3442
2849	3231
2533	3469
2907	4003
3095	2506
1522	645
264	2826
2266	1815
3719	3980
4012	2544
1160	1474
3846	3284
774	2258
657	1448
599	1854
2749	1343
2574	3879
2322	786
3405	2707
1490	1105
3955	2917
1024	1911
836	3296
63	702
2947	2564
343	3403
2878	1960
2375	671
628	3147
50	1327
1151	1306
2038	3252
4003	2375
3727	3104
3260	2959
941	4077
3672	2680
2713	2983
1128	1662
545	3797
3327	1883
15	3931
1345	1088
512	826
2749	3580
794	2832
3614	1862
1350	585
2556	1447
1271	2213
882	3827
2794	3899
2610	3986
3224	1488
166	3170
3451	2732
662	646
1911	1039
2781	3107
2421	577
3567	3955
1972	2229
2639	1400
3405	786
1896	2210
2593	2500
1226	1121
357	1965
884	175
2462	2282
15	1625
2593	1953
1109	3739
1562	654
1947	2970
2028	1254
2080	3033
235	18
2944	234
2075	3710
2751	261
1042	770
356	1822
2417	1331
2189	2423
3263	2203
1009	1467
835	1716
2433	2029
835	1958
15	3790
2008	3981
385	1598
1645	673
797	276
1484	879
1306	318
1698	3821
842	499
3880	1100
2064	3852
244	3118
2154	3328
1499	2191
1246	3119
46	3937
3271	909
3742	3683
1073	682
211	1668
683	1765
3862	1218
972	2845
2530	382
1934	3473
3870	3994
3323	1852
2733	3335
3007	2741
3567	1895
76	1934
1484	2474
349	2958
3150	662
2080	503
3948	3610
1226	2428
2273	1020
3921	1520
2285	3845
3016	1891
1160	1318
3672	3375
3889	990
4003	1232
298	1350
874	3572
1301	1854
2238	3196
32	941
1070	1378
1351	2139
2997	936
946	3355
2087	2268
2271	2989
652	1661
1758	593
2189	3489
2189	478
1573	786
2610	557
3528	1134
1484	3145
3445	357
2657	3997
3675	3682
1303	3006
1684	2380
3608	535
3323	1345
2561	2794
3601	2780
2658	17
3518	1520
3116	3228
3955	106
3849	2982
391	2772
1325	991
176	2799
2836	2304
2093	1836
575	2794
814	415
2134	417
2452	3086
1989	2687
1453	2106
765	1298
15	2885
2727	2609
1484	646
230	2204
76	3356
2273	2315
386	2927
2090	1618
927	3390
694	999
343	3929
391	119
3412	2471
652	3493
32	2663
3822	1866
2065	3842
1919	1923
2789	1329
329	3460
3186	1360
2558	603
3074	3207
2264	3806
913	4020
917	778
3179	1276
1560	3052
2072	2577
1606	1797
2073	95
1505	264
442	1736
875	3727
3742	4015
1947	1153
2176	1813
1484	3810
2954	3279
3226	2843
3608	4041
3007	3693
936	3388
3360	2769
2497	1604
3662	1627
487	2462
3003	658
889	1952
3869	2847
2952	2810
3323	152
311	286
2559	2068
1314	3645
1080	3330
1348	2905
3651	487
1179	1426
788	3820
3508	3764
2272	3112
2025	3846
2521	1157
763	1351
2556	2629
835	934
3944	3670
878	1092
117	2480
247	1112
655	552
2451	1880
897	2493
1758	318
3778	3841
219	2244
2606	3981
2948	3603
1947	1616
2620	2925
3226	1647
2128	2168
270	2528
3645	895
691	1069
682	2077
2908	3487
655	26
1454	406
1484	2562
4001	241
3210	642
3186	3004
673	3894
1480	580
2376	139
2197	1633
90	2035
1149	2655
2749	434
2661	3269
2989	1528
1306	81
613	3626
2768	3233
3555	3241
670	265
3478	3870
3369	2948
655	1973
1301	879
1896	875
2950	1668
972	1205
1314	376
3880	721
1446	1452
1484	953
1178	620
104	2500
3382	623
655	1982
2087	3435
493	3748
2522	2964
385	2332
96	1224
777	3966
2979	2018
2661	3499
1103	4060
1531	3938
814	3582
1529	1000
869	620
2988	2033
1490	3602
2027	1580
4030	66
3607	2680
386	823
3653	287
737	1681
2242	1520
941	3487
418	778
2727	1554
3293	158
1345	328
2753	1046
1516	2742
3908	1860
2739	3386
2604	1971
2641	2705
1761	748
3059	3543
247	2745
565	3176
836	1347
3229	3652
655	3145
15	683
2268	1408
2925	1686
477	3701
1365	2200
12	670
704	1327
318	1475
3407	719
2692	19
3155	1074
1054	3330
1396	2952
951	1214
398	1866
3784	3405
893	2052
2533	2845
1768	1840
1796	903
1788	3704
3123	88
2182	1537
2989	795
300	3407
3405	3948
3712	2203
3571	292
499	789
746	3324
967	3206
2983	3308
585	1914
2206	1009
1251	3562
58	1998
811	3324
3408	901
3866	1156
451	591
1792	463
3425	1423
1346	3763
349	2124
1635	771
3921	2150
2192	2074
603	3051
1778	2064
391	2291
3447	2013
2027	3457
3738	3531
4001	1256
574	200
2908	1043
1485	15
1416	442
2990	2772
1748	801
2933	3963
977	3982
1233	2390
2375	1733
977	1301
3155	1886
2202	118
881	2188
1798	529
750	1353
15	1746
349	1365
15	1566
874	304
1306	2623
2749	1937
783	247
1777	3137
2287	1469
3645	2626
586	2918
3323	3414
655	3351
104	748
1095	2010
3904	623
1301	1018
2206	907
3008	349
896	357
2053	2918
2027	3415
3455	2539
3129	141
769	3661
15	1306
220	2146
661	2152
1911	426
1314	265
2549	462
1430	3430
3912	2802
3988	2684
343	925
1025	2478
3604	4001
840	2039
845	1673
989	1712
2256	2924
985	3966
2768	1090
403	2963
2252	164
385	3583
1320	1645
2025	1789
343	3167
3644	2228
320	2663
3186	2995
634	347
655	3690
2260	702
1306	207
869	2045
245	2690
1586	3602
655	927
15	3094
3517	286
4080	764
3136	759
142	338
385	2787
1061	1494
1117	1489
1484	2426
2033	3025
1011	3528
1977	837
1049	2532
1350	1677
3632	3334
2323	3914
633	3443
655	3892
1965	2984
3356	3741
672	2324
1030	2404
3239	2625
1609	2591
2756	3399
310	3795
3834	2403
2807	2778
3786	2674
2047	1736
2597	3549
151	2407
4055	2889
2247	2952
270	1505
2193	489
15	2161
15	687
2805	2737
2134	952
2530	3127
216	2571
2881	2580
1268	2576
477	189
1342	68
2999	399
1301	1010
2401	1271
1395	2323
853	1522
208	2667
2776	1801
2343	3572
1562	1916
1506	859
1531	3996
3849	242
3155	3840
311	2470
3044	3968
3592	1013
244	2652
655	1775
2306	849
2066	917
2990	2519
1035	49
3910	1534
23	2768
89	1940
729	124
1253	379
2375	2260
349	1461
2288	3438
989	875
2776	1697
1747	1233
3786	811
914	1378
1770	1315
349	933
386	1074
3369	2494
2106	110
331	536
1516	2836
2533	1546
88	3848
3586	985
3632	2146
15	702
230	802
2268	2967
1336	3041
3998	1044
2405	2582
1095	2802
3491	1683
1246	1199
1531	3019
230	2998
384	3500
585	2796
574	752
349	388
1320	1950
2799	910
3488	596
655	2270
2873	3143
1788	2873
1616	3395
2493	2192
989	308
3491	2287
1080	344
32	1557
2639	2740
1866	3934
3296	3067
2080	2503
2287	1141
3523	103
1119	392
2727	2767
1785	2453
1880	967
3332	2170
219	2579
1490	2911
3483	1311
1205	2578
1192	2737
2280	1392
2565	169
2164	577
4001	3763
927	660
2590	1930
2723	3548
419	2424
1484	1745
1402	475
3051	1090
1181	1814
242	792
3846	51
1249	1552
395	2878
3965	1179
3492	2462
2692	2895
1540	3656
1705	2897
3585	3710
514	2758
3003	1846
767	3062
2284	978
219	3369
230	1454
4001	439
2873	75
242	3206
1302	352
166	3155
2900	196
311	4079
114	1857
15	956
2498	414
696	3763
2013	753
835	1035
1865	956
1208	1855
572	1598
230	207
2027	2715
2997	3787
391	3852
2418	519
394	1603
655	2989
1551	859
1614	2200
2241	3388
4038	571
2571	4031
871	2771
2749	710
268	790
655	2774
1909	1845
2913	974
2481	2526
958	2599
1395	2206
909	3107
972	1901
3020	3002
349	3144
1513	3967
3020	118
1434	1022
3515	2950
2657	1229
2706	2146
2685	1915
2556	1534
3093	1814
3571	3577
407	3245
2398	1286
2907	1221
1214	3136
1357	3817
1598	2145
2064	2513
3952	852
1135	800
679	1706
1758	2118
2141	3175
811	2307
3907	714
3880	2714
2768	1511
972	2706
1485	3465
349	4036
15	2464
3571	2903
163	2955
456	1195
857	3030
2320	3703
545	3404
2717	534
2224	406
2803	3302
3008	3845
1180	2338
4022	2924
2544	3373
3742	3218
2607	3178
1560	267
585	1254
486	2735
3116	1331
3848	339
2654	1160
1165	1432
681	4077
2016	2429
1305	4036
268	1617
82	30
2884	2599
2612	1891
2117	3882
1484	1639
2455	1298
166	1852
3705	1357
3261	1681
391	1079
15	1106
2794	3044
1226	1858
2224	793
1978	3979
1770	985
385	777
3163	420
826	2622
2406	2867
2245	3034
1984	1444
1506	2639
977	1459
427	2085
1876	452
2657	2205
327	222
161	3305
449	2186
3406	2003
391	3081
1377	2562
335	1852
512	3386
3255	799
2692	413
407	762
4042	2730
173	295
29	465
15	1897
1598	591
3476	3825
4075	4017
327	4031
356	3736
15	2788
1178	3452
4041	1568
765	334
4083	1347
3837	1296
4001	1353
773	2290
3915	1911
821	316
655	1902
1071	2510
23	2898
884	991
1309	2346
3845	1205
86	2991
2899	2853
391	2277
1363	1698
1131	3450
2273	1673
1151	3680
1484	3570
2864	1602
1363	2276
208	3188
3682	3334
49	770
3351	1317
2872	2965
1505	3035
2421	91
2810	879
861	3387
1404	1613
3733	3705
1484	32
3156	3178
1813	3644
1680	1188
32	924
2159	3855
2175	1352
4003	2373
2131	3175
589	2717
913	3338
2185	2223
1771	3491
242	3327
264	3788
129	3056
580	1932
582	2921
4012	3826
3810	2245
1598	639
3899	732
3179	685
655	2421
927	64
1498	1083
1344	267
1489	2600
3575	2147
306	2631
2476	4042
2559	2037
3456	1350
1553	986
3456	2571
483	3190
1496	829
1111	807
2565	3838
503	1987
1871	2360
2012	575
3948	1045
1683	3604
4038	4049
329	1411
835	1307
973	2122
2421	406
218	2017
446	3930
2727	3828
32	524
2679	2319
2908	191
3447	1191
1357	2369
732	2987
1909	2151
3849	3823
884	1743
1244	3785
2644	2087
2601	1756
570	604
835	355
526	89
2861	3701
1285	534
689	1561
36	646
1441	3074
2659	1574
1405	1418
857	295
2197	2886
913	3900
655	2924
3948	3003
1556	2502
3048	809
3948	3860
682	569
2663	1872
782	3923
1570	795
328	715
417	2887
3215	2725
3719	136
1862	1415
913	3079
2364	1662
2542	3402
2675	3327
4038	3354
2533	1654
1484	2977
1097	213
1876	2212
2012	1738
2713	3229
4006	1924
3778	70
2641	1215
1806	2339
171	2390
268	3082
2081	1224
729	712
3151	1291
1586	996
2232	2431
1842	3365
673	3333
219	3742
196	317
2403	1247
3179	3105
4035	3015
2717	1504
3897	3380
655	311
554	2200
1430	1867
4004	2721
1758	1133
3494	3618
2939	1778
2037	4006
2557	1157
407	3371
967	2082
1301	458
3549	753
1531	1675
1158	1240
2836	4082
1040	206
2750	1374
572	842
2997	2124
3267	884
1496	2193
3267	2963
15	2781
1229	2400
15	3133
2196	155
15	3020
1636	2927
1076	286
2979	3290
3267	1992
3569	629
4057	3644
1490	87
3697	2700
2692	1082
342	84
2343	732
4001	3842
2902	1746
466	3410
744	1737
514	1888
2163	747
1128	2634
869	418
587	3237
3154	880
951	2736
3488	1592
2558	1406
1571	2047
1552	3406
1721	2017
1421	3242
2659	3803
3137	1021
3288	105
1570	1854
88	1115
989	3362
3356	3595
194	2316
338	3094
2597	4073
897	704
1302	595
216	1994
2117	302
3965	3398
2795	2422
391	955
3491	135
2238	516
1292	265
15	1271
2768	3669
552	1209
3547	2035
3008	3217
2642	3637
2376	2933
2080	2392
530	2098
2902	1248
896	1061
1598	2451
3036	3642
2075	8
2639	1462
1022	469
1947	570
654	290
3605	1486
969	1946
2597	783
675	2298
3324	3937
405	2080
1570	2545
2979	2838
3389	32
2517	1249
15	436
1529	2632
2351	1168
1876	1489
2299	2249
2268	1269
1947	890
2639	2350
554	214
1306	3891
512	3548
594	4018
1602	2893
3053	3597
2455	2899
2830	285
3567	2131
4055	2105
15	3336
2694	1714
1635	1328
359	1950
2094	3043
3924	49
1531	3384
1111	567
1345	629
343	540
2709	3196
3727	2778
514	1886
3155	1488
1346	3355
2714	3675
2921	2812
1260	2648
941	1690
18	2954
2750	4035
2054	2656
2046	1208
2064	3816
1684	2232
76	730
293	2061
1484	500
2803	1868
537	3923
3223	2763
3640	3628
3957	229
2639	3042
682	3880
538	991
2750	2073
2256	3498
433	2849
1301	3232
270	1110
3998	2275
1947	655
1747	2913
1395	3606
1080	3721
1346	739
1350	238
1301	3613
2064	472
765	3541
2852	1355
836	4044
1128	1628
770	3340
3186	1115
782	1751
2722	17
3877	1325
670	489
1488	2285
3682	2137
442	1087
3778	1903
787	3275
655	2576
3089	19
861	2436
363	4026
3332	2511
1666	3035
2375	191
2530	1522
2749	1008
2233	3732
2880	773
1403	2337
1356	2971
2610	1453
586	3270
2007	276
230	2998
2827	2351
2224	653
655	1854
1430	2754
3303	2069
980	1699
1809	1450
2392	3014
15	1424
391	3556
2202	3648
3520	2882
2094	1476
2113	2606
2597	2439
1771	3636
3406	3818
680	801
2931	730
1301	1252
3239	316
1531	896
3104	2705
2617	958
435	3157
1514	1104
385	3031
2749	1154
3885	3375
1747	2047
114	1198
1027	2995
223	3498
2565	1660
3880	3261
4066	2581
1069	1212
2749	3247
633	3567
264	497
1238	4022
682	2146
2727	3105
2794	2014
3162	2989
473	1002
943	3302
661	955
3932	1175
567	3096
3155	1979
3880	3192
3332	1070
3007	3309
1978	790
2	3377
1610	407
32	2330
1050	570
2189	169
836	3430
3451	992
3727	3361
197	621
706	2182
1334	2200
3356	1158
609	3152
1178	3069
1938	2873
3880	2704
3255	3415
351	323
2505	1921
1935	3226
633	967
1006	339
180	2474
2893	1372
2724	606
1545	3431
15	3355
836	2159
1053	1508
2008	291
3632	832
224	1091
1107	23
2629	2520
2561	3820
1947	393
4042	3872
2392	43
2727	1050
1926	1361
3682	3694
2912	2766
655	3143
1899	869
1875	3777
2939	1379
2238	1042
1350	10
2607	2424
2921	2362
3897	2355
535	3611
1385	1778
2027	152
3285	2163
2621	795
3296	2754
3332	3885
1111	1060
2501	1626
3509	3546
2273	1524
530	1408
885	871
1925	3210
1519	3220
15	3627
1348	2323
2537	3685
3191	3790
1531	1906
2027	4042
1985	1623
3609	2471
3408	800
1249	2439
1057	3310
1570	1362
835	3098
1429	3922
448	17
2392	1421
2082	589
3803	1347
655	3872
1360	3570
3567	371
2205	3731
2916	4
3715	607
385	3274
1129	3794
2732	1627
621	794
3163	1052
841	1968
392	2310
1088	1347
477	218
517	1629
1298	846
2208	2142
1178	1040
3810	1424
2515	1298
2836	1676
3288	2002
2421	3468
3915	437
1301	3629
865	1357
992	2021
391	2769
3163	1839
3258	1525
349	2349
1758	2397
1618	3336
1426	1507
2142	1935
3477	3093
2894	3588
2749	1155
1977	2736
1513	1023
1925	1554
1248	1245
1244	1825
385	1431
2087	2431
1309	3224
2489	3687
829	1044
219	1442
999	678
1505	2478
644	4057
3057	2250
1115	1505
2727	2243
2691	1367
1531	3791
1332	3190
15	2681
1099	2481
1095	662
1367	3421
2922	3568
2080	1456
338	3771
564	412
3457	3863
1964	4076
4065	1235
1797	2628
426	2680
3451	677
4051	1733
1919	2561
2908	1237
2375	862
729	2703
3632	1272
1191	1707
824	2871
1484	2775
1570	1107
652	1376
220	2877
2403	796
1934	1450
1484	2840
1947	96
1178	2947
2476	727
655	3711
244	1175
879	3971
1758	706
3826	1287
652	2938
689	1998
2196	1297
3810	4069
1458	159
625	1019
2945	2503
15	2169
2529	2821
1029	228
4055	386
1151	2780
2894	1526
1531	849
273	3701
3238	3670
487	263
3397	2554
1306	70
442	376
638	2119
1105	2456
2175	91
1019	3263
1354	2728
2464	93
2066	102
1429	2552
3742	587
2403	2482
559	3892
572	2837
244	154
2949	2023
655	3330
2403	1575
2664	1468
2883	1152
398	3782
2425	1522
668	4027
1173	1078
2533	1915
536	2118
1103	2911
3129	1892
1301	3629
3332	2618
498	3922
2983	1982
1889	107
1957	2441
141	114
2770	3891
1770	466
4057	486
1582	894
3054	3706
1901	124
1113	3822
2330	2272
3656	3835
3607	1091
1484	2698
334	2563
1248	2250
2664	202
564	234
1001	1665
1947	2689
689	651
3179	80
3806	1311
2191	767
488	2816
3210	1399
3214	1154
3727	3125
2064	3896
769	1769
1376	1002
3465	409
3689	1135
2330	1875
3632	1839
1253	1864
2590	1838
1758	1440
3395	3650
3234	1877
655	469
2300	2394
1484	2093
2666	919
2106	2545
941	910
3894	1962
15	1629
230	839
853	3865
1947	2826
343	3340
1992	901
3388	2576
2224	3123
654	3265
1228	2957
2869	3131
4004	3881
3813	1694
320	2561
1302	383
3007	30
2027	298
3060	857
15	4048
441	2395
25	731
3087	2196
3387	1873
722	762
3776	2271
657	963
2499	2453
176	513
1876	2139
1237	2988
1484	164
3406	297
3155	776
3529	1575
3826	4077
343	1219
814	924
2721	2039
349	3027
2158	1161
2007	2034
391	1773
1605	3057
3593	2986
1566	3683
1128	231
3406	2228
4001	79
244	1556
244	1363
4002	385
1532	131
3447	3289
561	2476
582	2840
1947	387
99	2477
3927	2231
2134	1060
2912	3649
2375	2942
3102	1923
933	2992
3	3604
652	3121
655	2198
1159	3665
1835	1426
1317	2753
4038	1732
2649	1244
3588	3456
3441	1966
4006	1884
3908	2265
231	3990
1105	801
2599	2026
2597	1768
1560	4011
1314	1156
15	3696
768	982
3733	2521
3350	287
1357	1292
902	3086
3008	3843
2320	620
3337	3536
655	280
1159	2631
655	110
210	419
919	2029
729	3061
172	1335
327	3669
600	1030
3569	950
2810	562
2487	290
3726	332
1006	606
655	3508
362	1398
385	1693
238	1319
2402	1389
1314	1508
4003	2408
1018	424
3179	752
655	207
2517	473
2064	1024
2639	1768
663	952
691	3921
3981	3130
1350	3602
2167	2370
3478	1969
1770	1517
857	458
176	2412
132	3058
2593	2535
73	249
1248	365
3377	4014
1049	1308
3849	1885
2266	1550
495	1486
2403	3113
3646	1652
2213	1725
1592	3295
3450	1544
1302	1350
3395	2705
1208	1577
889	1553
989	2253
315	1407
288	2213
3645	2707
3001	995
1610	4077
2643	347
2229	2631
1871	566
539	1754
448	699
462	739
2676	3120
349	3565
768	3300
2997	804
667	2022
881	1123
655	3254
3769	2670
244	2678
2080	1506
2533	1177
166	371
4006	1130
3160	3002
1531	2771
586	3668
989	4054
3281	2530
1042	2053
2503	3565
1345	1258
148	2235
15	3542
1701	2837
1099	2516
3179	3107
2047	1845
1448	1794
2751	3918
63	3119
588	262
3563	2200
2308	1991
90	3067
2206	1126
2315	1759
3332	2858
502	152
3515	2476
1983	3673
913	212
2064	2664
2751	3502
385	3782
2798	4042
250	2161
2046	3417
473	3963
574	2783
1871	1416
1095	3391
114	3707
2722	1431
3860	337
1570	1841
3155	1192
1488	2151
3451	2227
930	1678
1484	3583
1301	3007
435	157
1523	2164
1529	961
1496	586
387	1906
3447	301
3007	1875
3904	1730
247	1762
3645	3648
1113	3043
2064	1031
655	3104
2814	3772
1768	2192
646	1655
637	2562
1121	366
349	3137
586	4014
2467	1449
1376	3634
2503	2649
546	1519
3377	1307
35	1708
385	1590
501	1366
2556	843
3538	2617
1558	296
2094	2024
3645	3574
1777	3224
1628	2545
427	3693
2179	3414
655	3897
810	3012
1488	1101
1776	3679
2375	2441
522	2151
3426	464
2990	749
391	3352
2483	3799
2749	2844
967	3054
2687	981
2427	3496
3682	1848
343	1564
2768	170
1348	3554
1531	2975
3269	3597
305	3155
2749	1626
1864	1699
2654	1143
230	1927
1592	1083
2008	2823
15	3852
655	2078
933	333
388	1961
2750	3150
10	3813
2209	1025
655	942
2908	3533
2631	2528
2584	2982
1230	552
2392	943
1485	3809
2341	3853
2593	3896
2869	1337
3889	3224
3216	3455
1229	3094
2392	2048
3979	2099
1306	1837
273	1142
1886	2565
691	1643
846	3687
3810	2795
1886	3983
1246	1283
349	2426
3632	1152
2117	921
3948	1292
2469	1920
1248	1299
1113	1745
884	2630
2273	3629
3323	2246
1403	1954
2937	1859
426	3505
327	3674
585	2515
2825	623
1937	2932
3643	55
678	815
1639	2329
3605	3914
2849	737
208	2155
1819	623
3371	1654
2768	2983
3559	2572
1226	867
1736	1240
1178	537
269	3499
861	2636
951	2146
551	2480
844	1992
3957	74
511	3446
3271	2672
2522	1323
3701	522
15	326
3110	3387
3011	3169
487	178
586	3956
356	2441
1095	3189
3430	1844
3312	2525
3846	929
613	3869
2375	3289
391	2024
944	2072
15	496
838	2602
858	614
2210	142
1919	3183
3648	407
587	3363
2664	3793
3575	2073
656	2712
3610	2435
3252	759
1920	2405
2206	352
585	2170
1635	2651
369	2507
3653	1900
1248	3348
1301	898
2074	386
1358	2824
585	3159
1484	3924
702	1516
1097	2015
3693	322
3810	1150
2147	1245
1363	1933
3866	2552
748	2867
90	1998
1758	3170
3727	2159
1758	1441
861	2754
2080	2154
3485	3729
2271	3433
486	1054
1662	474
4042	3834
2802	1831
1011	318
1918	3634
655	2162
1828	1750
1403	3329
1080	3128
3836	125
1945	2889
2064	685
442	1223
672	685
546	1691
2108	3739
1405	3995
2530	3378
3617	2751
90	361
3007	966
1309	2122
3008	125
1309	845
1547	1876
1779	1449
3447	1759
468	2940
3698	1393
1469	2679
1529	3954
2639	3364
512	2289
655	178
1301	3883
2731	598
2289	509
3183	2877
2480	3772
343	2408
2289	718
1553	1458
1105	2383
3494	3434
1113	3907
2421	779
1717	1728
1967	2891
3364	2616
1053	205
3228	2289
2013	3143
1712	3316
89	2878
2727	2350
1019	1001
1872	392
1947	3630
308	302
15	4046
2054	2936
3862	1273
2296	424
385	3016
653	1755
1128	167
3111	3186
3006	235
1274	3622
328	1218
3006	3048
518	977
1266	1888
493	1584
455	950
3327	1693
1647	823
2455	1228
2444	3344
1165	1210
3459	2179
3305	1192
3904	3197
2907	354
3276	253
1648	3082
2089	3622
422	3203
9	3925
3196	4003
1190	549
319	1778
1377	2485
584	1356
659	662
3727	1585
672	1131
655	2368
1896	2329
729	549
1053	364
1631	3847
585	998
2045	438
1553	1877
60	2757
655	2127
514	1943
3210	2761
3254	83
473	1241
2313	1069
816	2471
4046	579
1637	3031
15	3225
1789	2692
951	105
1813	2195
1737	2358
1596	2271
3007	700
655	2094
52	655
2565	705
1405	2372
2907	2747
861	3396
240	2879
2768	1893
2283	322
3810	3834
847	2483
473	1472
1406	3082
1676	3919
1165	1931
3826	621
2282	3809
427	4072
1028	2949
2644	2240
2137	2756
4006	3186
1103	2063
2101	2220
3481	217
3155	3153
2622	2144
1678	1568
3174	3526
3151	564
1867	2708
349	1459
3870	1519
2273	2594
1230	1352
3210	424
3644	2530
2011	3200
515	3136
1531	2078
912	1748
1275	285
3258	0
742	1764
2997	106
2013	2571
1133	1299
1430	3441
1484	567
3843	2992
342	1345
2421	3855
2639	800
3527	3070
1320	3987
3727	165
2659	2045
58	2337
1230	1291
1984	1147
2912	463
1557	1468
385	2455
15	1463
1348	511
349	419
2364	110
3107	1386
4026	587
2534	826
1246	3008
1644	1824
3494	1176
3186	388
1344	3610
3948	2980
4012	495
169	3633
1484	24
515	1615
752	1671
4042	3179
1185	3227
3285	1039
682	2897
669	526
1516	967
625	3485
967	3447
2622	3616
3323	3437
3379	3880
996	2852
924	3295
1630	3602
1770	281
2912	3509
3826	1530
1837	1099
1306	1838
3362	333
15	2220
3611	2856
3826	199
236	1342
2583	4048
3215	109
73	3007
3007	2840
2544	3267
1853	2376
511	2995
2983	1976
2375	4012
3682	2977
913	365
3292	291
3550	1994
1638	2051
1601	3636
446	294
264	3984
1895	3608
3323	950
1897	2003
2768	2077
2861	218
1306	1941
661	142
359	473
2978	2203
1531	1565
588	803
1455	695
670	495
3880	1370
1484	3241
1464	3185
741	2838
3460	3802
1480	17
652	1493
2321	60
3764	2281
2544	3609
594	2489
516	515
1758	1958
1357	151
2086	1846
4055	2255
3129	1489
2989	1765
4055	3932
3179	2155
1625	1289
1291	2798
2197	1218
981	389
3468	495
4046	3949
2649	1078
944	661
2080	978
2757	700
264	1100
3727	250
782	2674
3972	143
3365	159
1593	3393
2768	3932
76	1157
3849	3139
3582	3288
306	1784
3826	494
1635	1519
709	3132
996	417
290	137
391	2674
337	1480
4031	4067
2894	722
2749	3701
1933	3316
3133	178
517	3850
994	3756
32	2339
1964	653
1034	1969
916	3001
3172	1113
1244	3955
2887	245
1098	2490
2301	2286
769	172
3974	2828
3438	3558
1871	163
384	3626
3791	930
3214	3852
655	605
2861	1468
1380	773
3804	2544
652	1280
3715	759
219	354
1810	967
166	1387
2654	496
31	2489
3826	1057
2521	962
711	1412
237	3863
394	2763
972	1197
913	4027
2733	3269
917	3989
32	119
1282	3447
3007	3594
3488	3769
3918	2854
3121	780
2547	2272
1229	398
180	1526
1484	817
1341	3114
2997	88
2421	659
1788	3956
2273	876
2908	2618
230	2464
569	2323
2476	1049
2049	3530
2567	351
3356	3688
3406	2529
1268	2980
97	3170
343	3470
580	3621
2644	343
2100	2130
530	1252
1294	2228
1267	1488
3607	1514
2655	2141
349	3362
1747	1491
1945	1044
50	3164
219	3439
2126	702
2822	1042
1757	1353
588	324
1156	1486
3579	1334
845	1418
1684	951
3131	3193
707	1855
1777	3388
2388	4060
2117	3189
2008	109
3215	3250
1349	2532
1531	2783
514	3308
1758	1890
1489	1449
32	3300
661	1049
3897	518
1620	2301
327	1239
1111	2174
704	2536
784	3274
652	3908
2692	2101
2981	2910
3099	3401
2273	4057
2541	1737
3518	1954
884	1351
356	2357
655	1917
3297	403
3144	3212
290	3493
2888	3792
2350	503
2749	3812
1573	3158
3156	3044
3557	380
3015	1741
3036	2026
2950	1054
501	4018
15	1946
2530	1436
264	2923
2997	2076
3440	1610
2271	1262
2330	235
2612	3100
2732	1573
2760	83
2589	2011
3846	2359
1306	138
3862	436
3319	1928
489	457
242	2886
1616	2677
1141	2491
866	3310
404	1848
3897	2415
933	3333
695	3234
335	971
31	2162
1484	4058
1226	996
3972	1973
2232	1325
3727	2235
2840	141
691	1521
1363	462
3592	209
512	1919
565	276
1893	3658
1551	283
1770	707
1350	3182
626	3344
1178	156
3	2089
2509	1940
652	2577
990	2957
2368	1498
699	2907
2590	762
90	1303
1977	231
878	3620
197	3877
2325	3590
4055	3380
2767	3505
2863	3517
3382	2900
2001	4041
314	1827
664	1079
1345	2980
917	3276
2544	4005
1654	1065
208	314
3644	181
1596	1544
1301	2960
2814	2588
1395	3166
2508	3080
2572	469
1047	566
3155	1133
430	3737
449	191
1938	3597
24	1407
855	2319
824	61
2751	3212
1677	2594
517	1160
972	1868
2607	1663
655	1168
3366	3211
2134	754
2247	1998
242	2419
2878	1772
3617	744
1592	2095
862	1440
15	754
3288	2249
1676	3749
1412	1702
933	3950
2989	2033
2872	2132
995	2554
440	337
2689	533
2704	906
2080	1274
1067	1470
2332	3235
391	4046
1099	94
936	2515
222	3276
1447	3257
3971	1785
2979	581
1866	2722
3408	1947
2588	3185
1357	3031
370	1980
1128	456
1192	3711
1301	2970
187	3505
1712	882
3166	487
1475	3328
244	1406
1294	3267
334	785
2207	4042
3506	2848
1646	3893
1798	3425
3863	665
1226	232
1396	2405
3810	1298
1505	2250
2959	3309
230	1064
1344	3011
1484	173
3632	129
652	283
2442	727
2912	2103
4079	2901
2175	1593
3494	1771
493	2623
2528	1045
3810	1720
1672	825
73	3431
2242	815
1240	3906
3645	4023
3887	66
2001	3660
2954	477
483	1194
2981	2025
242	2204
609	1197
956	1295
672	3398
834	1417
1496	1014
418	2242
1570	1659
3632	2927
3458	1441
12	2067
1864	1502
1758	444
2612	1288
2639	2177
2657	3030
989	370
3302	22
3887	2784
947	2883
2556	1568
1235	2798
888	3011
1301	2765
3649	531
391	3753
2320	3615
1919	2080
341	2139
689	2059
2659	1448
1471	3788
1488	979
3826	2078
1141	3765
746	2551
1268	2625
1405	288
655	4028
1484	4
1128	2149
92	1349
1302	3077
3652	966
1695	762
3373	2299
924	1166
1837	199
2444	1302
923	1836
2717	2394
2825	416
1601	1348
2327	1683
349	3133
3506	575
2349	2794
2745	1969
15	3354
2036	3705
2556	2257
1224	3837
2931	2667
12	2278
985	3394
3155	452
4020	3421
3323	671
1798	3094
2388	1919
512	2311
1498	96
349	3994
1100	229
264	1390
977	2821
4055	3142
1160	2124
2900	2852
979	2762
1595	1620
909	2593
971	1767
230	3650
3186	2978
3619	856
2224	1870
642	3562
619	3958
1610	2692
3405	3205
166	3533
2273	3993
2799	1343
1048	3668
32	1034
2721	2934
4020	2164
868	1543
655	162
2803	1133
3998	1781
2593	2084
2588	1423
3332	3645
1128	2688
2185	3947
1151	2634
165	1222
1657	1423
824	3754
3007	3509
3037	1360
2236	1989
2517	1738
2064	1555
166	1121
2632	1845
3268	3747
4017	1864
2735	3575
1346	1263
222	1563
1302	1309
3682	2418
2174	422
919	123
924	2058
673	641
3323	361
2793	545
977	3588
2727	1806
1285	2373
2338	68
442	445
1344	2025
4003	2997
551	2110
3342	1477
442	2756
1429	3086
3760	1401
138	2591
836	4069
1095	1996
2988	34
3838	1069
498	1846
1369	3945
2430	3752
3622	3328
2027	1066
3107	2953
2271	1325
652	1853
2643	2083
3608	1093
3007	2409
385	1889
1322	1061
3447	3683
3348	169
1606	2135
1781	395
326	3305
3682	376
2768	3515
242	2926
1306	1982
305	278
778	272
2657	1252
2982	823
1190	3900
1434	114
1342	2670
543	1453
3008	2518
176	165
1924	2082
1447	1214
633	1924
15	867
15	1732
3677	281
1531	2224
495	3741
3378	1769
3095	2804
244	1587
1181	3678
327	2669
690	78
861	1827
2197	899
15	1595
58	2061
2792	2755
244	3615
2256	3882
2330	288
1444	2150
1556	3404
930	2511
883	1993
829	2234
1675	572
616	1988
15	2508
967	3551
602	3007
2681	1324
655	2245
2205	3287
349	3669
2080	1615
3271	916
3189	953
1441	3957
349	3133
1564	1223
1477	606
528	2326
836	2057
242	3232
3091	1509
1030	3774
1765	3656
4004	785
2533	833
759	2351
3494	2603
3356	3821
144	4044
15	2202
2749	2701
897	1256
567	234
3611	303
3007	3171
1587	3398
2639	453
3929	3936
898	2214
1601	152
645	2255
1610	3198
1516	3810
151	2685
3956	1327
1011	3558
629	317
3587	1885
3019	3934
2012	4035
3933	2825
2189	1697
115	307
1099	4012
242	3181
3183	1990
1716	2568
1314	736
1306	1037
174	1807
3187	1218
3460	1812
372	3393
3091	2531
1635	2930
3215	1097
1278	334
293	924
729	3871
2271	890
2027	3518
1382	2232
3803	2512
3015	3261
3438	1427
1408	2214
391	2878
1444	1459
3093	3343
572	3891
317	351
1363	143
2492	1831
3632	3825
1513	1619
1436	1793
1060	2729
3467	2921
629	2304
2908	3882
1986	3276
2683	3061
1226	1548
2206	1310
1424	3981
1268	2179
520	2764
2749	49
2266	3135
2204	3807
242	3565
1100	3862
2421	162
1346	2914
586	2908
3186	2769
3757	3051
861	3782
936	374
711	3553
3323	3383
989	1656
2127	3846
2691	807
2824	2081
3528	2604
15	2149
338	484
1531	3665
2544	3763
3406	1114
691	2631
242	491
2066	3827
1972	2830
2856	760
3727	2969
2403	2817
349	1766
3923	2577
2836	3781
3528	3681
3727	1404
2455	3481
3838	1878
3451	1768
3757	1489
1419	3775
2471	2280
73	1269
1693	1406
3232	3588
442	1791
3155	2949
1302	933
3186	1061
3156	3277
3015	3859
3020	3696
2421	132
3615	523
498	1854
1654	1177
909	4082
907	303
655	487
3843	2793
1514	870
3972	2804
2939	3988
1149	1300
1194	3893
2873	35
655	3756
3008	2226
2273	3128
2479	2762
2781	562
3362	1353
3296	2371
3617	3935
689	145
4001	3297
2314	401
138	2855
3406	3286
65	3980
2498	2189
2558	2425
2096	4036
1157	2755
2103	3451
3484	2341
1490	1144
3887	852
2597	1166
3547	3915
2626	3468
2639	2811
32	290
1310	3811
391	2163
2775	4073
1291	2554
585	3374
896	1455
2455	494
3288	3768
629	3001
1287	704
1666	1162
2549	2500
3592	3466
3826	2569
2468	3398
3798	1005
853	3794
375	166
972	75
1587	2760
2583	3
1053	772
3566	2005
2747	1003
2271	14
1641	509
2476	3043
407	1425
2632	3167
3248	450
2163	560
1121	3451
1823	2066
2521	1588
1058	531
3324	2171
2421	1544
442	302
841	2491
1301	3669
3803	133
1880	3382
4006	1603
655	4052
1485	1868
2659	1764
1601	1980
4001	2271
835	1547
1536	2304
1405	2780
824	780
1622	555
573	1760
1496	1564
1855	1790
349	1809
1289	1835
570	3212
27	499
2606	2727
514	2878
320	2804
3349	1591
3059	869
2760	3438
3052	3794
2337	2202
2584	3403
2920	333
3948	3803
4003	1242
3356	67
951	1314
320	267
3129	1684
2639	1796
3010	658
1791	3311
3158	1848
1618	40
2498	1980
2038	3494
1990	3954
1554	4034
264	3875
442	2644
366	1982
2593	421
2522	3925
1128	3575
3651	1219
996	1933
3119	3493
896	777
3921	345
2117	3221
1049	2405
1724	86
345	4056
1208	407
3998	186
3891	3057
1360	1887
1246	2667
1360	996
914	1187
2673	2393
1864	1737
1088	3661
1646	1737
2330	43
2920	129
1274	3203
2727	1715
1514	1664
2841	3749
2556	700
1105	3261
1566	538
2861	315
3042	2692
1483	3696
629	2594
442	3183
989	3499
930	1376
193	1281
2161	4050
1791	707
941	277
257	1057
4001	3706
1078	1426
1652	983
1721	4032
748	1013
2647	1394
1441	3545
1301	1918
2175	1954
15	2352
1561	1970
3810	1971
1865	3333
1565	3315
2188	243
3167	595
1809	2599
385	3525
3215	2427
962	2876
655	2610
2273	1991
3186	2638
3323	2969
2884	450
2080	2442
15	764
3320	2753
3007	2434
3991	3234
655	3211
729	1259
1226	657
3469	1812
3998	3814
821	640
941	3889
2917	3023
2973	2217
267	2755
2760	527
442	3806
727	685
809	1250
482	762
2544	3801
1312	632
2127	2075
1634	2916
3494	2860
1512	4013
2314	3376
270	3544
2727	55
1972	495
3271	1000
3224	927
1320	352
3838	257
1490	2374
1788	2973
1505	220
230	2498
2341	3764
660	1062
268	2006
1066	2929
1357	2522
60	3108
68	1197
858	1510
290	2641
479	3385
3615	433
3999	431
3007	740
2549	2657
2749	1675
2403	936
3998	3775
1649	3494
2183	2218
2242	742
4006	3192
1133	1333
2607	1035
514	2754
3427	2236
3388	3267
3737	2450
2845	262
1163	2492
1645	704
1290	3963
3632	151
95	3405
2376	1121
1531	730
1344	3737
2939	2883
985	2641
349	3206
1520	3023
1632	4049
230	2066
759	75
1570	1082
3795	3314
3458	1869
1405	3173
1290	1688
2099	3756
486	2337
3186	290
2528	3866
143	2185
1246	3416
3870	3224
1635	2987
512	4001
529	1822
2533	1173
1061	2243
3074	1115
3151	1553
250	51
1128	3481
15	3566
997	2547
1021	3378
2092	2795
1909	1807
3163	3553
1834	349
1505	1719
1598	3480
1484	1978
180	3813
2903	1091
1399	3438
1734	2165
3007	1004
2012	3504
3632	2317
2667	2430
6	942
2714	2843
1292	3333
3099	344
15	439
15	1278
1496	195
3632	3879
2175	772
655	1904
15	2501
3167	2003
3269	3192
776	2242
2082	952
224	3799
382	1414
1113	1212
2297	2400
655	3312
1337	3360
1098	2418
3546	2377
264	2242
642	3189
3184	3169
1557	2724
4037	1815
3880	3371
68	924
1531	3077
4006	4075
422	936
2087	1290
2408	2855
3921	1615
1301	2340
2442	2067
257	808
805	786
900	3026
836	2425
2760	3993
2849	895
1699	3843
652	1635
1919	527
936	3833
3226	3732
1429	2079
3494	1808
665	2316
1877	1287
1716	2543
2664	2390
1625	2477
3615	2587
1553	389
460	2154
1246	1217
2080	2489
332	3873
1421	259
3245	905
288	1245
861	1358
3727	2305
2660	3810
617	2124
2998	2969
2709	1324
729	215
1344	131
230	3641
3813	2763
1485	467
2302	3763
1350	2034
1065	3309
2638	1190
2861	3461
836	3889
244	529
349	1188
1606	1637
590	1111
2819	451
512	3216
3866	2003
1977	993
2183	2817
2018	570
1	2907
531	485
1270	2816
3645	2222
512	472
1485	2713
90	3328
1876	380
15	1064
3862	3494
1246	1491
2659	2854
320	520
1414	667
3085	2061
3423	2673
3567	2134
1053	2876
3849	378
3689	1736
3214	4049
1142	1979
2727	3006
655	3037
180	777
15	2756
3155	1250
1758	2725
2122	541
1290	2340
1676	2058
2851	1285
2517	2711
655	714
1484	3900
540	140
1988	3860
545	2140
1301	1495
137	2627
3636	176
1191	1136
389	2516
655	3764
2284	1712
1635	1477
2403	1792
2963	2330
2612	1867
2865	1074
541	1863
1761	760
3404	251
3762	3020
422	3204
2903	3159
1248	3226
881	1257
979	898
3465	3321
154	713
2639	2707
861	2017
1629	3121
1635	151
2926	239
343	2515
1066	139
3632	224
1421	3968
2593	3808
861	2177
2480	188
4072	1160
268	3692
655	2251
116	3468
2320	1977
2476	3453
2334	2922
2117	1511
2552	1127
1485	1534
561	3619
588	2362
2613	367
855	2153
2276	2779
1357	1245
4054	682
1320	3331
946	3918
2045	1764
90	3725
3844	3453
2343	2776
3146	2699
1851	165
3387	3784
2607	531
3282	1623
3803	2929
1090	2379
3776	3728
2042	2326
1486	903
3545	1347
912	1242
2774	1201
2135	3583
2280	1056
2736	29
560	2419
3119	852
1875	2372
1769	3972
3677	1265
3652	1782
652	187
2064	3492
545	3257
544	471
2597	2916
3746	978
4003	2125
1851	2507
2641	3096
1335	333
3155	2577
1798	598
15	1135
1618	3786
2452	3903
2054	2923
3645	1312
1772	1900
1602	1500
3178	3941
2749	1007
936	1150
2639	1947
1943	3658
2267	2254
1876	227
2975	211
2939	341
1772	99
3020	2651
3887	764
184	1309
2421	3545
2343	2911
3808	2304
2235	2877
3456	3257
1295	1689
1301	475
1855	1947
1291	3360
2747	1003
3987	2784
2574	3450
567	1867
2321	1318
584	3581
2809	430
929	3537
652	3405
2539	2539
2372	3994
1314	2535
3925	1145
567	3124
3136	22
1934	3015
506	2903
1157	1317
1216	3416
2392	3600
1286	3819
4001	2879
3902	3842
2455	698
2357	2314
1553	1874
2356	1226
3007	3904
242	3530
896	2421
1919	2028
1348	1834
1393	1575
2639	1881
2066	2693
3439	2970
3701	3597
1301	1774
731	368
2898	355
2064	3910
2776	439
652	2409
2593	3853
917	3196
2064	2418
3991	138
2692	959
545	2824
1239	2580
3172	1578
1688	1386
944	3366
3553	2926
338	2054
2464	2164
337	3586
2887	1758
1529	700
947	280
1290	271
442	3711
1945	1747
372	3456
3547	607
2533	638
1376	3514
4003	2662
3847	920
338	2398
609	545
2666	3215
1505	1979
2008	626
937	2747
2473	2869
655	810
2533	635
3317	644
2797	3252
1994	1887
3354	4010
655	828
587	2727
1403	2866
2272	1496
86	3282
1830	1885
694	2822
657	2453
3335	3864
2530	1182
900	2946
3546	3596
941	3529
714	3574
3196	2025
1002	747
1395	2429
1310	3160
3423	387
3059	970
2715	3150
1712	4025
473	1490
989	2470
1491	1547
3064	546
1178	3793
3462	353
1631	1285
3764	3144
2887	2064
3690	1498
1314	2008
244	280
1317	3781
3091	3895
3119	307
2392	4033
765	46
595	486
2421	1947
1733	373
32	1037
4053	1995
1485	3473
385	2981
3884	1317
391	212
3726	1552
480	1167
2760	1405
4055	1875
2597	2765
93	1017
3643	1184
3539	3013
3998	2131
2758	3655
1088	680
2392	1508
2645	2650
2872	3861
3645	3049
1128	1321
1721	2139
3861	3606
1592	1738
2498	535
219	2460
4003	184
3332	4016
1363	1158
1160	1140
1458	2976
1301	1121
477	3342
2664	2210
2622	2295
835	363
95	3658
3889	3221
3004	3516
2177	322
579	3770
224	1870
473	3402
1570	87
2730	2766
3645	1336
1632	3645
762	2157
2325	3691
3845	1359
306	980
2547	3623
689	2991
3089	2750
3596	3257
1983	2292
737	251
2455	389
2714	3686
590	3505
1813	1854
2289	2276
2597	2383
511	745
3148	2358
314	1897
2007	2050
2559	2145
436	1201
3680	747
3998	3892
3420	1091
1782	606
1531	3827
2692	1889
498	840
317	2812
419	2906
3323	1628
1505	2840
1095	1606
70	3534
1	3217
1516	950
1128	1343
1283	140
367	8
2266	4051
1405	814
2607	1524
2099	2131
4001	1755
2309	1108
857	516
2521	1551
1030	3301
3476	1131
2375	2916
3971	317
1056	1160
132	571
2162	1758
909	1972
2271	698
2198	2996
745	768
3092	146
1758	2674
1645	3223
2130	1956
3819	3535
3302	1296
2451	1084
3611	2112
1505	1041
1081	1062
3166	486
2256	2769
1287	1547
448	2227
3856	3769
2266	3428
343	3531
151	23
3801	3891
2135	1889
874	2084
2135	1803
3529	473
3772	1809
3921	1324
3055	3894
3810	2129
930	353
2505	1420
2375	3534
3213	3147
2271	509
2403	3294
193	1158
654	1629
4035	729
2891	3012
707	454
1160	2321
1637	1966
1358	1933
15	4039
1496	601
473	965
4018	235
90	3961
967	477
3806	1157
3323	4024
1635	1404
349	1242
2556	2678
1571	1145
857	2332
2727	917
3060	1470
1298	3879
442	2950
219	3593
655	3801
1561	3183
3927	2225
3059	3398
2556	1563
1645	2909
1453	1982
3810	3418
3323	1673
3838	1000
3793	3058
2659	1644
634	407
2872	3116
835	2456
2189	2279
111	3925
3163	2284
2272	3398
2845	960
2749	1256
835	2181
2560	906
1081	369
3727	50
2204	2938
338	1346
1141	195
3768	238
3614	3317
1547	416
3632	806
3239	730
1346	2191
3507	679
3015	455
2018	322
2828	480
3528	570
327	1421
1382	3845
2158	1425
2623	124
74	685
1204	2026
3028	2532
892	1564
761	3599
3007	1638
1753	2897
1646	2531
986	1129
2170	63
3267	1157
1753	3256
2841	229
327	582
2871	1546
1171	1959
2318	2765
2338	46
3104	937
247	3860
655	2841
349	552
1053	2428
677	1155
1880	1266
1945	3346
1165	1674
655	556
1151	3320
2429	3670
3571	3714
1301	1468
3126	3031
2403	2897
1777	1275
1593	1800
2768	370
514	1140
193	2565
343	3713
1514	2806
2666	1053
3405	4002
1955	4062
1192	2236
909	3152
3872	1973
944	3894
869	3823
1163	3093
15	2489
3166	822
2584	4025
3179	2879
1573	3500
100	3210
3302	963
1531	3041
1758	3170
586	1003
2927	979
2096	2773
951	3352
281	1960
2627	346
1283	2238
1891	2380
1447	865
2721	768
4016	1136
1800	3200
264	1696
3866	670
3476	2486
1380	3473
2556	1628
1547	1241
1040	3986
732	1381
582	3716
3447	2347
2751	1481
861	672
3327	3009
1302	3687
3632	3794
3239	4034
15	593
662	1836
3905	647
1132	259
385	253
3865	3508
861	4082
3957	825
3484	1657
1377	496
1560	790
3175	1021
3008	3017
3727	1228
2584	3527
1710	3282
3332	3800
3006	3527
826	10
2158	3519
394	2506
836	2715
2812	3159
1484	3734
3075	3960
3429	1898
1706	786
2544	4004
3372	429
320	2884
444	637
2256	4069
3705	712
3786	2556
2644	2995
1556	575
1185	2852
3165	581
517	4054
2720	2035
3567	2334
972	707
897	1818
1514	1550
1268	927
1610	1725
470	733
2572	538
2615	1390
2012	3210
3914	1650
418	3397
3517	262
2408	2121
2197	1544
1709	2707
913	3700
2064	875
3910	2444
170	186
2530	2690
244	3091
523	737
1789	2258
2836	2883
1891	4082
2770	3538
3007	3512
413	2457
884	617
3024	1486
2272	1655
2038	2521
3306	2413
73	3987
2403	619
2612	2001
3742	2496
3195	81
3494	3929
1395	3439
1405	1955
1042	2413
1813	3623
1989	1867
2403	1757
3406	3066
3945	1933
3036	719
989	1995
3319	2796
1770	119
652	3388
1694	1048
1154	244
1099	3016
2189	2275
1947	2578
3210	2480
3527	3153
529	2091
1496	2261
1794	3753
2997	2112
3007	2411
1063	2217
442	1039
3460	1616
306	1846
222	2428
164	335
2692	1738
3297	2506
655	1945
2068	3243
3200	2012
416	1208
2249	588
2750	1746
2204	3639
2045	2006
391	3234
2719	2251
3196	480
3269	383
720	1613
3092	1498
249	273
290	1321
3536	751
2662	1959
770	2823
3880	1731
338	2428
780	2219
3341	2718
1730	101
783	1419
746	2015
2204	1886
3850	1535
2392	641
2751	2640
561	1895
15	2285
349	575
933	142
381	3039
1943	3366
3155	1888
2805	2585
629	3891
364	3669
2018	2908
836	1763
1129	3817
2066	535
3727	3537
2556	3158
2075	1325
3406	3993
4001	1059
1230	3212
1291	1734
973	2065
2421	3064
356	2777
1947	1096
1871	136
1019	1178
3933	3518
1529	1547
99	3180
946	2622
1240	1586
2476	2750
244	3515
336	3509
975	130
1891	2586
1716	3033
1088	3120
585	3336
2064	1594
219	3730
3948	3197
512	3452
1275	2828
1074	2803
2978	1337
15	3131
1145	2121
1928	310
1095	3126
2084	360
842	1851
960	2712
1226	2834
1934	3063
1891	2941
3327	3016
3617	2271
2513	3362
1484	3878
1675	1792
3953	3639
1637	2139
391	3283
979	407
1405	2456
2203	2886
3619	1046
2272	2913
3156	2023
1226	1757
1377	1968
15	1981
4001	3302
3093	2825
3623	1404
2189	296
2633	3645
2149	3698
2989	3550
2388	2984
782	3532
1122	3035
3298	277
1345	2794
916	1926
4042	3844
3299	2275
2377	936
4000	687
1314	1327
1728	178
484	3761
220	2706
246	476
477	1882
841	2842
1103	528
1611	336
1324	556
842	2063
3605	1485
3282	2391
1431	4034
329	3266
1919	2781
3407	3104
2749	2635
407	2917
3626	1878
349	3015
1128	2989
2797	2175
3880	58
385	1238
1178	2672
1741	2193
536	3582
1274	3681
1089	2395
1077	2548
1945	312
1557	817
1662	2275
1645	292
242	182
794	1724
1429	2956
947	1561
288	1371
3727	2043
737	140
3503	3264
2721	3934
1345	4056
1484	2286
1566	2275
2706	1080
4002	1280
867	3273
2340	2564
1864	2293
1916	3502
1563	851
835	3956
394	3625
2375	3447
3727	3667
1570	1578
3727	2346
857	3989
1631	2146
3239	2904
2177	3762
1278	1829
2530	616
3791	3258
3948	2659
3210	1278
2099	2440
264	3190
1891	1002
2593	1299
1141	1867
473	3048
2232	3126
343	2320
3837	2091
2664	1420
2722	1617
1249	3362
2421	3082
2729	1447
2080	1837
32	2746
1171	3658
1027	3353
1301	2121
218	1006
2612	2642
2836	2571
802	2396
474	3756
3859	3184
1320	3177
2760	3289
2051	3410
1968	1143
1545	3266
2189	995
2876	3003
3406	66
972	1138
2266	2084
1784	2280
3404	1028
1895	3634
2856	2335
1077	2255
3323	145
2455	3350
208	2461
2303	1663
691	317
700	1937
2801	900
3682	2273
3581	300
1081	2177
3772	3761
2018	40
1290	3215
3745	1754
2038	604
2979	1085
1862	2592
3296	2124
1833	1787
244	3010
3632	2688
1100	846
3175	2231
3880	2548
3116	3887
3810	1383
1562	549
1168	2279
1099	3127
2654	2382
1128	280
1151	3763
499	624
655	3374
1387	1818
1244	3290
1230	739
2530	351
3101	2493
3332	2378
433	1695
4043	121
551	3429
2175	931
2561	425
1303	2461
286	1510
2117	4017
3697	11
1496	3891
1663	1888
2883	3870
4057	2187
3396	940
2273	1988
3571	3686
4001	42
208	1821
3489	1317
2876	1447
2109	847
2751	3705
2160	1765
2094	2345
3870	2344
1484	2574
2539	2472
2907	923
2619	1390
3447	217
3666	3824
90	17
183	775
1992	2509
2751	916
2481	3014
3129	1041
448	1755
2197	3244
1487	154
136	592
2954	856
3862	3778
3478	1845
2815	2009
929	913
2768	1547
1081	1627
3451	3932
2607	4042
3830	3016
1095	3107
442	103
2717	4050
2204	2090
363	1413
1552	1973
2103	3123
912	813
3444	2138
3607	1305
2639	1328
3026	1842
269	517
498	2753
1378	1127
391	2156
564	2003
3438	661
1357	1459
2418	1263
621	2460
391	3828
3948	535
2717	2351
883	3694
924	3390
2013	3011
909	305
3412	1112
2204	3081
3104	1369
1198	1830
15	453
249	833
685	32
1292	2365
3440	1201
2209	2562
3529	3178
2661	2380
3880	3278
234	1194
1302	3603
1586	219
836	692
681	179
1020	601
99	2637
1348	1713
1829	2177
3862	3855
2232	3310
90	3621
941	2785
1433	2746
3107	2641
3141	3742
1301	577
3147	1340
2555	2375
2113	589
2064	1480
385	271
3406	2252
95	1771
572	1937
3700	35
259	453
1185	2935
1301	802
2562	1630
3323	1247
71	777
672	2626
385	2983
1163	1034
418	2209
391	2231
3959	742
349	3341
3073	1202
685	3818
2721	2346
567	3031
2072	3180
1529	136
1098	2525
769	3780
3518	2528
661	3333
15	2067
1553	3999
3007	3584
4035	512
3323	3642
3682	1204
2147	644
782	343
1306	2209
2720	371
3575	592
2757	817
95	2945
3439	2562
1095	3879
773	2268
603	185
3608	1546
2857	958
3869	3990
3167	3580
553	495
941	1132
246	1913
2639	1687
379	2210
3426	3438
786	825
2273	2908
3210	2851
661	3478
186	1823
2912	1985
1159	992
951	1542
1516	2211
391	3594
1345	4061
3177	205
1569	1330
652	2102
1531	1420
2717	159
2202	786
2476	773
343	771
327	2365
442	247
1865	2025
3948	42
418	2079
3323	1377
3342	3905
1306	3500
3462	1314
2717	886
1485	3204
1163	2702
287	4007
223	2332
661	1524
1536	1925
3296	3541
2934	1695
3640	2544
3206	2202
997	738
655	2615
586	2858
2023	323
15	3729
448	3780
1301	447
1165	784
199	3713
2861	1491
839	4011
376	3362
2264	3181
3189	2060
3449	161
1301	863
2620	954
2101	2613
2059	1333
1949	1080
538	123
2641	3294
1164	26
240	356
2727	2598
3652	1917
1488	1934
3478	130
1117	3224
2392	2523
2489	416
1322	1539
2530	2673
1301	2192
2949	2970
264	138
3713	4033
3073	335
259	375
2863	3092
1081	1626
2572	3880
1484	1882
2067	3115
2289	2402
1622	1719
3233	2001
941	3624
1498	1279
655	1862
3709	1575
104	813
1488	2851
884	2079
553	1039
2288	3
473	3401
386	499
3008	2757
836	692
2937	1003
1950	1773
2586	1290
3144	64
585	2736
357	3838
2760	246
180	630
1048	2539
1272	2002
642	3055
1832	2464
686	2667
3564	3948
3641	2076
3323	2809
1204	2329
1751	1354
2481	797
1784	2254
3626	1324
3943	2646
3645	3197
141	3752
1545	2766
3727	2549
655	235
896	3475
1103	1960
2641	3577
2989	2896
3972	1975
957	2576
3323	3629
3849	3563
682	2757
3714	2113
655	1216
1049	2563
1350	183
3393	2797
1282	1720
3682	634
2015	950
3710	56
1419	3666
2137	2997
3709	3178
2881	900
3810	1867
625	3511
3144	2859
493	3573
1490	2746
1986	3373
514	2648
4075	4075
3555	867
3007	4026
166	367
338	2040
3234	2343
15	2914
1533	1175
2072	3548
3817	3309
3363	904
909	3872
836	623
2876	3890
2789	3563
2196	1560
1598	1037
1503	863
1090	2518
3405	1587
3682	270
314	2683
2659	2597
4041	3173
1529	3906
1490	2463
2091	3237
1444	407
448	3234
84	2705
4034	2727
1019	1762
3488	2874
2706	241
2729	898
2556	1253
2691	674
2444	2471
2589	3151
477	2799
655	1491
1182	3298
442	1449
2340	1920
349	1641
219	3620
2189	777
1616	3483
1770	1075
2008	2824
655	1644
1054	3315
301	3493
3810	969
746	1906
3775	723
746	2255
1866	523
2659	307
71	3902
3307	3693
58	1040
2082	1838
2558	3614
1302	3030
3846	442
3645	511
2997	4045
972	727
3672	3707
1184	1387
1403	3238
1107	1369
4025	37
727	3352
1875	69
2768	899
1871	932
277	3543
3494	3296
4047	538
2749	235
655	897
655	2810
385	1944
4003	623
643	1351
2318	3171
1677	2334
3122	548
2768	119
1295	3283
15	2524
15	1040
1824	2643
2607	3123
1666	1771
1559	1019
3686	36
3551	1763
180	939
147	3713
2385	710
473	3789
2612	2263
1081	940
2117	1651
2260	1937
230	2500
1901	160
3921	2535
293	443
3601	3836
3839	3260
3810	4019
3959	3404
3323	823
2375	246
1351	460
1129	1923
2666	2672
2375	1737
1699	665
1453	368
2186	3308
3356	3324
1026	1914
3863	3060
3288	4055
3148	3183
655	1051
319	1075
655	3943
4054	2331
1095	898
343	3060
871	1743
1429	783
3272	1649
960	1501
290	2185
3764	1592
3323	93
1713	2394
1888	1458
387	1869
2045	378
3872	2699
275	1045
1044	1804
3323	3892
4076	512
2588	2931
2651	244
3889	1632
510	601
1591	557
2266	3372
15	2499
15	3385
852	3108
230	2426
603	3083
3915	1491
3036	3226
3619	1919
3284	563
2958	1053
2989	3175
1080	829
3121	1464
2316	1977
522	1069
1057	856
2953	2341
2080	2898
1278	1055
644	3066
2741	2191
1223	3849
3665	949
3101	808
1547	3841
2897	1746
1129	1556
3608	3486
2612	1991
1088	3450
655	2935
1463	1648
1341	2879
2612	2131
2202	775
3453	946
1923	3013
1646	194
3999	3258
2562	2302
1268	3618
2203	2642
4006	2938
857	1112
3887	1408
2392	2989
193	1437
4012	196
389	869
3880	3732
2117	2977
2721	2459
3726	2229
1309	3346
2156	1001
460	31
2521	3214
2533	188
1556	460
1053	187
486	3932
391	3970
4035	3598
1484	294
2793	4084
3050	1725
949	4056
3645	1717
876	3909
1553	2721
1484	3527
2196	1373
2899	757
1025	3931
2224	552
1692	1013
835	3718
1019	989
2000	613
2623	2631
488	1510
2027	2155
1977	586
15	1071
2198	2325
964	3422
4	971
2093	1169
2252	788
2045	3496
391	2590
660	3781
341	877
2232	1538
2314	1465
3880	1575
2075	3305
1301	1387
1111	1283
3777	1125
222	1837
2080	700
3747	552
3896	3829
2849	517
2000	3233
2421	225
1302	1269
3210	923
3382	2843
22	1929
975	2849
3288	3734
1274	2523
1729	1431
3007	237
3645	39
3849	3582
3008	577
1074	1641
2471	757
1909	2797
941	1250
1570	2407
2904	2652
2061	3356
702	3048
2134	1508
4012	364
3752	3916
3167	880
1529	211
1365	809
2978	3731
3215	2087
3759	641
522	3040
655	2544
2593	716
3118	1938
2237	1829
2655	1520
2727	3539
477	3076
2741	2447
2175	2862
311	1890
857	334
349	3048
672	2595
2717	2882
1141	2127
655	225
3388	2432
740	609
4020	475
655	3263
857	687
3581	2851
1757	230
1225	1520
83	1801
2064	521
3601	270
2497	1500
2609	2112
2965	3249
3607	1487
1053	840
3007	1290
2109	2743
2749	878
681	949
1530	49
1610	3901
338	3746
1226	1688
1128	749
1934	2510
2453	1241
220	1949
898	525
2541	1876
4076	2851
927	2950
1178	3772
2421	1870
3957	2464
1639	1866
1758	2037
2055	2148
666	3942
4068	1746
1613	2292
3432	1736
3804	3339
2593	3981
1075	2648
3099	2807
1488	1626
219	3679
2731	2684
1729	3014
244	3510
2597	828
1343	247
3647	1286
3518	393
538	2208
1618	2201
1063	3957
2717	574
2908	4026
1067	137
2749	1170
2749	3282
1075	1908
1301	241
1310	735
336	1991
883	407
268	2835
2963	2476
2094	3350
244	2447
2721	1022
933	3397
1646	2114
3826	1255
1203	1626
2687	736
1868	3426
1927	91
1342	2284
1219	2613
512	2124
1931	3871
552	2101
1364	391
1529	2487
904	2512
1018	1637
326	2686
2064	1681
333	3355
1302	3322
1074	547
1523	3438
1088	2708
3258	2622
1496	2700
1119	2071
3593	3980
3726	2415
343	1136
3948	3236
824	3114
1897	3522
3129	1183
1676	1036
1070	2607
1922	3555
3880	3953
2730	3813
3406	3397
2364	1427
3483	970
2126	1002
951	2761
338	703
3154	3133
1954	3435
1919	3527
4006	2495
58	4082
2364	1629
477	626
655	3568
3672	3428
2	2771
2559	1717
2981	3643
3494	1613
3406	3504
3020	245
3607	3037
1178	309
989	2761
1103	3672
349	3992
2833	3308
1547	2791
2588	2538
1253	3343
3866	4053
1282	906
3708	585
3113	1946
1141	2486
15	2396
655	2628
2372	2534
3447	850
562	3724
3166	2958
326	510
204	2337
2191	3542
655	1078
15	3254
776	3699
486	1539
959	703
3267	3074
2273	294
349	65
3943	2881
15	3506
881	2816
3948	2194
1973	3257
2027	3390
652	132
3007	161
4001	2131
1288	82
1256	597
1841	2419
1758	1993
2366	806
1183	626
3405	558
1178	2224
511	3604
3887	3627
2375	3374
1080	284
509	2405
1484	2233
3948	501
505	46
655	2371
3551	1853
1205	3342
578	1803
655	3175
166	1955
416	930
2279	1821
3641	192
1625	1527
2175	1912
741	394
1405	1398
1330	2107
3706	778
3323	2159
1484	2061
514	3288
2134	2795
2884	1770
1768	1755
3948	1913
1306	3171
1531	1526
835	2171
1594	1891
2993	1675
298	3872
473	3665
832	464
1506	1297
3737	96
3175	2453
391	3118
1356	3581
655	1070
407	1505
2667	574
3302	3820
854	3926
1490	1723
3710	1832
1908	1467
1230	2903
3921	225
2512	1094
3494	3914
1306	795
3036	2174
1322	3421
765	2987
2863	1745
306	2074
1488	1143
896	1276
3323	2465
2213	3090
3163	3367
1384	2492
586	3743
707	490
342	478
1934	2634
358	361
503	1457
1972	1782
3985	1907
3664	1436
488	998
2459	1347
87	208
2597	711
365	781
2246	2912
2957	801
2175	2410
2550	2961
360	290
2727	3018
1605	2946
3806	3096
2045	1440
782	1298
1160	3798
626	870
909	1633
655	926
4042	1687
2533	1346
512	1843
2659	2458
2320	3611
661	3317
522	175
1490	3810
666	2269
3645	3130
3617	1761
3491	776
338	235
1292	2556
1484	2700
1178	625
4069	71
1635	1226
499	3496
2008	3981
2732	3457
3619	1124
3957	1979
1097	1294
247	1185
2723	33
759	1517
2657	58
7	3497
477	499
2572	3086
2164	123
509	2559
2639	2286
1163	1337
874	3269
3320	2115
32	2907
1784	3617
1496	736
1876	1460
2238	2108
3517	4034
3645	476
3906	366
3664	3078
1553	3934
2423	2948
385	2273
2989	2336
896	1509
3054	1361
1625	2611
567	3012
36	3379
1365	3219
1896	2125
1185	392
3315	3287
663	410
385	2796
1128	141
3360	980
1297	457
2455	3911
2609	2135
3632	1629
826	1272
1541	320
2221	253
1573	3612
2961	1256
938	2241
1988	3698
3849	530
1876	3845
3469	1656
2118	2020
2272	2053
3327	2626
3887	1230
3574	1015
3504	1352
2117	1171
3682	807
15	439
3611	3846
1497	3522
947	1359
1297	2165
670	3635
2378	3399
1610	1012
2166	3035
2776	154
3119	1789
1301	868
3810	2015
32	1463
3119	2384
1757	3413
8	97
3214	3357
874	1411
1999	2719
2572	2526
1429	2780
1128	2460
3337	3310
655	559
1011	626
1453	1443
636	103
2881	934
2639	680
1040	3543
3792	114
217	1792
1302	1823
1809	2144
3258	1032
1301	449
3157	2605
3956	294
759	3017
1716	1041
1306	663
449	3880
1791	1670
3813	741
3703	2226
1425	3759
1653	2062
1608	3318
1309	3939
690	3635
2997	4034
4015	1749
238	2740
301	3062
1015	1144
1348	3275
1783	3558
2590	1820
3453	2909
3162	253
1057	1964
2553	1508
835	217
1560	2241
2768	3173
1129	3717
753	1921
343	201
1545	2279
861	2610
264	3065
3810	2693
230	2876
672	99
3971	2105
4055	2384
1583	3969
171	2296
385	3572
2768	630
2930	3729
1191	559
3689	3085
2064	2708
2593	3075
1192	2620
2498	96
3834	489
385	1885
3059	3855
1587	1405
845	1992
3571	362
15	1918
2476	2615
2544	2186
1770	1556
4001	3018
2593	3148
3671	2958
2954	1620
1053	693
1348	2168
1887	1168
853	2850
780	1616
977	3629
2618	2471
1896	3261
489	337
939	794
279	1780
1663	448
98	998
3681	3406
230	1899
462	2924
2421	4018
3369	2697
3254	3533
1949	3263
2559	290
2209	3015
1497	3970
2116	2742
286	1412
1977	831
1484	179
3226	148
1007	2438
3406	2543
823	2948
4048	635
1775	612
1309	3503
1902	3956
835	1854
2318	3061
3008	1296
977	223
1458	3054
1040	234
1464	2931
773	2350
3547	1743
3523	1823
861	890
2603	1272
349	1414
1103	2561
15	1425
15	1551
3288	2735
1738	3539
1866	2346
1570	3855
741	2591
2623	635
138	784
2099	393
1346	544
2330	3698
2583	2505
1977	2816
2666	3668
349	3918
2213	1968
2392	1112
1907	1190
2749	2948
1190	2516
1059	3142
3323	476
1272	2748
3902	1661
3371	67
3327	2064
2749	762
1876	2698
3826	1210
2045	937
264	912
205	21
3810	1844
442	3234
1529	3357
3742	3813
1287	3329
3640	3670
1972	1670
1934	3673
2049	3540
3107	3331
1498	2936
349	1059
3484	1767
1516	3070
3179	996
1290	3036
470	923
2937	3074
2268	640
679	2134
3946	3924
731	1014
4055	1404
874	43
1666	3336
869	2802
3323	3256
1345	2699
1256	3027
2978	1134
2149	3001
2659	2751
3155	3142
545	1789
1405	1498
1113	903
177	2345
343	1539
878	3312
1287	688
2565	676
1841	3187
2671	118
857	544
857	1325
1991	1059
1296	3913
385	2340
1111	156
286	193
2147	1240
1531	3972
327	2629
1099	980
3884	527
1610	1365
327	320
1255	2042
2385	231
1988	137
529	968
1365	51
2087	905
2065	1139
1484	3910
1225	3045
1605	3263
3179	2098
320	1630
948	1360
3129	2282
3302	783
358	1635
1117	2531
892	1828
2204	617
2273	2740
4006	3509
1127	3323
3810	2315
356	1656
244	3963
896	2019
1284	303
1226	2367
1496	2199
2636	2435
217	3878
2828	1105
822	1702
2482	3064
2703	2081
1916	3207
1204	3121
1484	101
3190	204
717	950
2999	3096
3872	550
448	3671
2503	679
3380	842
481	2144
2549	3075
2213	2319
3612	2769
90	2387
655	1500
2105	1040
1780	42
3996	656
3073	1405
2280	1222
1046	1760
1662	3661
3010	2704
1947	2962
1488	3445
2392	2025
15	1334
2993	660
244	753
1301	1932
3569	550
3075	2368
1128	3702
219	3362
2273	1457
565	1168
3315	1918
1552	3408
3093	1847
313	2942
2477	3076
3277	2773
874	147
1549	2076
2221	1646
1178	4013
15	3021
2517	3885
1013	1469
2742	2008
2093	2525
1166	739
348	352
3944	66
2563	1302
2727	1805
655	1747
1672	348
3447	3099
331	3919
1660	161
3959	844
527	3687
1793	3691
1586	3420
1770	2632
3131	3217
655	3494
511	370
287	2259
996	3799
3319	2245
3632	1770
1066	1593
2751	2371
655	246
166	1443
290	2998
2375	2500
2372	2484
2549	2495
3350	1585
513	2433
486	1426
987	3190
3234	2164
929	3295
498	1031
264	3257
928	2698
2992	2404
2490	3350
12	286
924	2244
2776	99
2580	1633
3990	1243
2555	929
4017	292
494	3172
4006	2279
655	688
256	1824
3535	1276
836	1115
1813	3380
679	199
3887	481
4001	3098
298	1122
297	3968
1484	3745
1141	2682
609	2930
3861	3774
2273	457
149	3290
1562	1740
3742	597
3607	848
3423	233
811	584
2931	4022
2955	2759
1393	2238
32	1094
2042	3903
4042	2299
1722	397
1081	3532
2163	1113
2660	3359
2318	1765
1741	3749
1741	1477
2533	1849
2542	2617
3099	2798
655	3217
1301	3781
894	3397
1294	3538
2285	1012
2709	238
3408	912
2589	218
887	3215
3889	2398
1529	1747
655	1301
1322	3623
1970	2210
1898	3657
3243	3826
2709	1505
685	712
3725	397
1099	2581
2364	891
3288	1637
3376	1106
1345	811
2179	3686
157	34
3904	968
3264	932
406	1909
3488	4012
1341	3534
2794	3193
977	2316
2224	2345
1736	2828
4003	313
2403	1757
3479	28
4027	1799
2046	923
2659	2869
245	699
2693	3153
1306	3687
702	448
2886	3074
1486	3477
15	472
1160	2486
779	2711
1484	1600
1128	1479
1711	1012
1553	879
1350	1766
2768	2204
1943	1651
2709	2678
2134	585
706	1270
391	1635
1618	259
2937	2655
2607	853
3153	132
3155	372
3912	660
2749	3675
220	1572
4058	1791
4055	3895
686	1432
15	2113
3671	861
1298	1037
343	3878
3972	898
1230	3152
219	571
2597	1888
3399	3340
1570	1686
835	1157
655	1722
3619	2838
4038	3333
1616	3500
896	746
1663	2661
2751	3149
3215	1771
1484	2751
329	418
3363	1804
1547	1081
3285	3230
1224	2130
1531	3821
1263	360
1314	1573
3332	652
2429	3528
4001	91
3155	1264
3001	1008
874	3188
2583	296
281	1887
655	1814
58	241
1084	3091
1787	1303
1350	87
655	3889
1959	2437
3059	135
3671	264
2455	1078
2204	129
4043	787
655	592
4056	2173
1732	68
1625	3064
504	1998
1973	3058
2000	1450
407	3682
2749	1079
1178	3070
1556	31
897	1396
1758	3390
3334	3539
1301	1863
2593	110
1204	1955
3175	2709
1865	3068
2392	2225
2746	1664
1301	2729
1797	3005
1348	182
3186	3391
2817	3286
3209	3108
1934	1128
2908	1786
242	3469
205	3993
933	3923
2095	785
3998	2540
1133	2107
418	1317
2840	1122
166	74
1797	2607
5	3714
1303	97
8	3090
174	3659
3809	3515
3297	2315
3006	1385
897	3066
524	2598
1246	608
4001	2578
3476	1003
392	800
3739	3881
655	1209
639	415
842	3069
977	1072
3402	3187
3860	852
3742	1531
407	3031
1266	395
1485	2784
3709	1454
3608	3474
835	2857
570	17
514	1564
1919	217
391	2377
900	3930
220	3814
216	1198
3719	419
2638	231
2014	1412
2736	1497
60	3044
2644	254
1345	36
1496	628
3180	1553
216	2343
1505	1668
167	2198
1566	226
2080	3147
713	483
840	1717
2844	991
912	1282
3028	786
3261	731
220	2454
2750	58
1038	92
1865	731
2305	2515
836	407
3632	2442
2641	1920
1645	1791
3406	2905
3020	369
2749	2679
1143	872
1081	3305
2687	99
2639	1711
3576	1428
3607	376
2468	4004
2860	2676
963	3633
3258	1442
1102	1938
1446	1797
3529	1908
3401	1056
567	1087
3445	3785
2533	3177
2137	2210
3834	869
1529	3332
479	2289
577	1844
219	112
587	3292
1185	2210
15	841
2197	2096
682	2722
408	3347
2197	2645
2684	637
3691	923
138	639
2134	3857
2992	147
2530	367
338	3358
1326	1964
1661	2871
3185	3678
585	1821
90	1511
176	919
2073	2488
3535	3704
2666	808
391	561
2664	168
1081	467
1430	518
3660	2596
3585	2615
587	524
1516	4022
3369	1589
3327	3868
2767	2747
70	54
2887	1770
1444	3422
257	1762
3701	3815
1758	1642
2899	1324
1668	265
2022	3136
1176	976
2692	2349
3649	1685
3186	3571
3306	3869
3948	1251
338	609
1635	1430
3007	3586
941	1660
559	2973
4076	2311
2273	1217
1764	613
3793	3749
1226	3882
1969	3535
790	1958
3620	2486
3196	1708
3826	2982
2498	37
1484	1531
3957	3617
857	3306
2749	651
1609	3602
2117	91
4026	1256
835	2913
2726	2031
3323	1456
2733	3863
244	3184
1191	415
349	1898
870	1971
2080	3012
3727	3171
2134	880
944	806
3642	375
1161	389
3036	3726
2392	2428
1301	3618
842	967
2266	3656
1596	1903
264	2310
3587	3927
855	19
3921	3956
661	3082
1405	877
655	908
493	1309
1103	927
1570	1899
2103	2315
1357	1409
3147	2563
947	2480
634	551
1089	3850
661	215
2012	899
2064	146
776	833
3484	131
1341	3486
349	495
3206	1394
2720	3996
1027	3667
1785	797
1573	1420
2455	3121
338	1468
311	1586
2794	2870
845	1373
1514	2911
2607	3018
834	105
1601	484
3232	1291
1984	3760
372	3374
2318	279
1602	506
3817	3716
2197	2641
2639	3693
1342	2766
560	3608
349	922
655	1409
936	2482
2767	3559
633	2024
2216	2909
1344	692
1075	2210
298	3125
180	1597
1934	2318
859	3852
2749	3132
3810	2329
1473	1225
882	3604
1226	1899
785	3541
1598	3277
2845	981
407	3887
682	1818
1862	3394
1053	2864
4001	3752
90	2132
15	2594
3089	743
366	3983
3887	1219
3311	2043
909	1263
1350	2090
2779	3881
923	103
3085	678
770	504
883	3717
473	286
234	1694
1302	2227
3406	1609
655	2970
1484	501
2939	907
2716	110
512	3794
668	2540
3603	3849
655	3071
2008	1465
2343	678
3010	1215
337	1305
3387	3872
600	573
1837	2843
1663	1112
3921	1228
32	1980
385	3845
615	2272
2448	3591
951	392
2187	3505
1663	1918
2045	2739
3706	2022
655	1103
1516	2892
2232	3685
2749	826
835	3075
3332	1255
2280	1197
75	2012
1758	3337
177	2335
2375	2973
3705	3598
1465	1571
3605	3623
1345	3558
2709	1247
1529	2021
32	1019
2657	452
3619	2040
1484	2384
861	3536
32	1026
48	3495
3155	3934
2012	634
2172	1683
1128	2042
522	962
498	1580
102	3381
2008	3433
655	1832
23	329
3523	3043
3475	975
3008	2106
2873	1017
3826	190
2313	1006
2054	4066
2727	2226
3803	2467
1172	836
286	2617
1970	519
1666	524
1322	2074
2314	350
2644	2888
349	3178
3408	2437
1311	3561
141	1418
2247	2812
861	2569
2018	833
2770	3903
835	2017
15	742
1362	2507
1784	3284
1301	2765
3007	3692
3174	2809
2343	2992
1876	1753
3350	191
655	3123
3609	3651
638	696
1676	1759
1567	1920
462	2347
2997	1259
219	490
1832	3598
2037	1449
3566	2329
1484	1047
972	111
2597	127
3484	2844
349	99
2166	3145
3123	3346
2099	2438
896	4059
2767	2055
2204	933
1976	2357
391	2512
4038	3086
3607	1873
2209	332
1373	2347
1278	1985
327	2158
1311	316
3569	2197
2122	1758
1050	642
652	2372
2958	870
912	2341
924	123
1301	2702
3585	2788
2189	2502
3488	2574
835	3250
1306	708
1268	3090
1911	2242
2080	3873
462	2499
3346	1341
2256	2241
2935	1720
972	2718
3640	641
1802	3946
3665	3547
1711	880
861	3954
2141	382
375	3530
2671	3467
694	27
567	77
868	4020
1405	708
2200	560
2583	1052
1244	1056
2197	2165
3007	312
15	3321
449	3256
3727	1311
2366	1828
349	2484
2782	1444
786	1008
861	3368
3948	308
2183	615
1778	3096
3633	174
15	1553
2478	941
3797	1138
3752	443
2931	3140
2366	487
587	1682
2959	195
2097	448
2912	2952
1049	1334
3091	3075
264	1325
1169	1945
1547	3489
1099	1517
659	3509
2639	1798
224	2446
3059	1965
2639	3241
652	714
1556	1064
1346	1419
2362	2805
1716	1894
2117	1909
3727	1019
3323	2419
1430	4022
2659	26
442	303
3258	1010
3026	2007
199	1233
2659	3317
2607	2717
349	2253
861	616
3862	3609
2900	2082
1344	414
3332	3768
104	723
3645	1842
2388	3485
244	438
1421	560
2273	1690
1650	2733
484	2160
912	1764
896	1876
1480	2477
1947	2819
442	3102
196	717
4042	3544
829	676
15	3596
967	324
3838	4053
36	515
529	3821
2561	3555
394	3234
2476	3899
1631	1055
4009	2488
2080	1887
1025	1593
3971	3575
900	785
881	1778
2134	2168
316	3935
1246	1370
2840	1311
3117	1545
941	4079
1302	2490
689	2110
655	1305
909	1420
655	2531
1484	2748
655	542
4021	3864
3880	3124
15	2458
2468	553
511	3244
391	3474
405	882
2204	3875
1505	2980
3451	3693
375	1919
1381	9
2028	2753
1489	351
941	3207
1344	2098
1758	3801
1412	3735
1934	1399
585	3148
1242	2836
1758	1073
3526	2901
972	339
3007	3345
343	2528
2480	183
989	2970
888	3493
306	3675
2518	3351
1950	3331
391	3133
1880	1351
2408	1180
287	1288
3494	635
3298	3977
244	3914
972	406
2372	1452
829	70
2522	1466
949	3816
12	2800
2027	486
219	1661
336	279
2217	177
1021	1088
349	2938
930	3749
488	2718
3945	1380
3524	919
625	3237
2656	2005
205	917
1770	361
3174	1481
652	1878
2749	1498
385	2775
567	2919
2666	1066
2749	3605
841	1965
2750	2381
1522	1224
3284	3048
3052	2511
3773	1752
3742	904
3810	2965
878	1910
3151	633
2202	1891
2378	2863
532	1967
1836	3143
1978	3385
1774	257
1081	4058
3826	1567
2512	2259
65	3923
1395	1177
2206	2306
3760	143
240	3508
166	954
2664	3777
3362	551
264	2705
655	3263
3637	913
707	2325
2721	982
1095	2809
2070	1938
822	578
3603	610
2920	2333
1631	728
1005	3425
3727	765
2559	3092
159	505
244	357
1129	3520
3838	1035
3167	3067
3327	1383
511	987
2137	3833
79	966
407	234
3562	3885
1348	2341
2909	1685
2813	519
1625	1603
1484	1513
169	325
2273	58
2749	3294
1106	1658
652	652
2768	2834
3317	329
4052	2883
3327	1616
631	3836
3705	2504
1192	1722
1021	2547
3792	1125
2414	3494
2080	997
2614	1599
1229	58
2075	2146
1081	4027
3465	3224
1496	219
951	3887
3843	620
1488	47
3193	1846
2934	3134
1788	3599
1484	3071
999	1047
98	3069
2315	3598
2607	2664
572	274
2189	1370
764	3808
524	4029
1163	2441
1458	3977
3219	3662
314	1666
15	2735
3651	2154
976	2411
15	464
1135	3071
477	353
655	2851
1160	1662
985	2145
2706	355
356	2368
349	522
1390	2682
2622	1278
433	3668
3233	3646
2706	2747
2556	2130
2012	3855
136	1108
559	3861
3284	564
655	727
3146	3979
477	1473
975	3701
4003	141
2563	1516
3846	3990
2156	1474
924	2819
334	3214
1040	166
329	1483
3484	2676
2682	1095
1128	2364
2793	580
1602	2906
338	3804
2158	125
15	2074
2080	138
1573	3288
2372	977
2135	1218
3034	1879
1405	2872
89	2999
2565	1917
1609	325
2259	456
16	2412
2776	2191
1871	599
2561	3680
15	3334
869	2800
977	4053
3382	3220
732	499
391	2465
473	3214
2137	289
3406	722
3382	51
442	3929
900	1281
2907	3623
935	122
3399	2871
3437	2356
2651	3860
1178	743
2495	3746
1531	3438
3494	2913
2861	3032
95	2448
662	177
477	1301
3640	378
180	2490
1074	3993
2849	1862
1999	911
3921	1249
84	562
4001	2015
625	1817
655	601
3742	1677
2189	1696
244	3290
2572	1302
1561	2750
567	2690
824	2581
3406	2523
2802	1333
230	3595
2676	1614
2666	3919
3810	1004
1259	2872
176	521
1541	2556
3258	3460
996	2595
306	1769
3007	2307
2411	2787
2176	346
15	2717
3271	2138
3317	496
1875	2844
1395	867
603	3877
1178	1160
1186	1675
3862	2900
2852	625
1595	2665
2633	2286
488	1865
3598	3042
1022	2932
2189	189
654	2502
3792	2563
1490	2083
3258	1605
1709	1168
3109	1040
171	1682
343	2091
1770	554
1484	1438
1989	3690
2304	3219
2185	537
1967	3651
3870	835
1095	3641
2549	3898
3377	2127
364	764
512	408
2730	715
3632	3781
1842	1280
2533	592
1586	2988
58	1105
3151	2710
2309	460
3846	3898
2840	1174
2717	1515
2978	1535
1827	427
683	3009
680	78
835	354
3704	392
2940	2416
3370	1319
3371	461
972	3993
715	3186
1591	1061
1430	2328
2421	2376
2467	1873
2175	990
15	1862
2134	2638
173	390
3483	2607
2794	3668
1356	682
2261	2534
2731	89
2095	2545
509	106
3030	852
1360	1298
913	1079
1601	1673
503	1710
3427	3378
4017	1268
349	3476
2146	3430
3653	2687
3168	579
2594	1956
1290	1722
385	3812
15	1437
1081	134
2403	3278
1484	3256
1287	513
972	581
3001	1994
1141	3686
3155	3055
2063	3822
1906	688
3407	217
3218	2747
914	1370
1530	3527
2403	2836
1490	1052
1540	214
208	3315
1765	3891
1128	1480
389	768
2394	3739
2482	869
473	2423
2478	1353
3948	1092
3652	1100
3491	1890
3305	967
2295	862
4030	54
32	3264
4003	2191
780	1265
595	3601
655	1986
2597	4062
1484	3051
618	3598
941	2840
944	3708
219	423
514	3892
845	3318
989	2500
1531	2622
1627	2279
465	2406
3139	2399
2256	1714
3143	2027
3456	4054
3749	664
2533	2701
2863	569
1180	2314
1302	3512
3061	1022
3007	3314
442	1505
666	199
3498	2143
24	1163
924	379
2046	2647
1908	3265
2530	169
1178	489
2863	2689
3439	1923
2593	3407
1344	3617
2993	132
230	373
1004	402
2125	2080
2727	154
3905	3593
2315	2331
343	1282
385	411
3407	216
666	3028
1972	2107
347	787
2727	3960
3921	660
15	1023
3121	3831
1405	1089
2046	728
244	1374
3638	3036
909	2769
407	104
304	2408
2075	2776
909	2607
187	339
3912	791
2189	2540
2238	2824
1041	3841
655	7
3184	980
1155	2604
187	2635
447	1192
1193	3521
1460	3340
2692	424
1360	3329
1871	1753
493	1841
634	2758
3382	1149
3356	3585
2989	381
136	3184
1618	2521
2219	2323
2793	1081
729	3698
3904	226
3709	1737
2997	3758
1192	1919
29	1686
1776	654
3406	1529
1496	3925
2378	2882
4055	2069
90	329
977	596
326	2080
3614	3149
1463	2075
391	548
1985	1113
172	4025
3405	1459
3528	2381
1229	22
1284	281
391	543
1444	2733
1080	3716
1849	1787
3645	2477
4006	267
3091	2822
1185	973
3712	3660
3609	3593
2768	3874
15	2009
522	2733
2392	838
655	1001
1204	3740
89	3503
2751	1147
1552	2361
3889	3621
3453	3900
790	2885
2271	2893
3963	2167
529	578
2470	3386
1301	124
2455	3105
3685	109
84	670
1464	3144
1377	2852
3038	1132
821	2137
3264	2744
2268	2943
1504	3983
886	2864
1659	1979
3036	2760
244	2872
343	2199
2654	3383
1464	2611
3155	1329
1351	2189
1348	2494
974	2841
3293	2746
2271	3217
1768	713
427	3997
1890	587
1309	3245
2631	3427
3059	1140
1577	3130
1484	1295
2824	170
3388	3537
1257	468
1637	2682
3168	322
2544	679
2968	3844
2533	646
3846	3488
2343	721
3282	2993
2204	905
258	3559
32	3118
1758	2379
1345	1308
2072	2933
655	3021
896	2215
3948	2927
3727	1638
3120	485
3283	2989
3826	3542
655	2759
372	558
4002	410
3210	788
2455	458
1128	160
2760	289
685	1360
2375	1551
3874	2625
32	3674
1758	3222
3726	541
2533	2365
2639	2288
1567	2692
861	3319
1776	2747
2727	2608
208	82
1344	1071
2863	2857
2659	1622
15	3857
857	1658
301	2405
2455	2984
1226	149
1099	620
3258	802
327	3673
592	1991
601	837
3884	1911
1160	2423
3640	925
2596	1867
498	48
1306	4033
662	3977
3168	1785
3196	3477
3645	1798
1103	1512
442	1071
2639	1714
559	393
625	4010
1711	150
3366	420
1934	463
1949	1347
1129	3120
655	525
1084	3866
2751	3112
655	1755
776	1181
573	2488
337	3690
3888	1360
32	1593
2678	2508
1088	4035
15	1545
1615	2580
3174	1934
896	3696
4055	2452
572	46
2401	1654
1484	411
2678	485
2204	469
3905	363
2953	3131
1998	3086
50	815
7	2189
655	2558
3427	3725
2273	1761
3733	3717
1566	3430
2902	3252
216	2813
1081	497
1553	231
2720	2608
996	2637
1430	524
1694	1828
1360	3194
2639	1935
1229	58
462	630
831	2807
530	92
343	594
2481	2939
605	1024
1771	2722
3008	947
1879	3302
386	785
1866	3078
1682	2191
655	2595
1909	1950
1758	1377
3519	2642
4055	2320
3742	882
15	2843
2753	3477
1246	2033
2533	1298
2304	1795
2666	3232
1768	3411
3134	2083
553	748
314	863
49	1805
2204	4032
2158	2050
2080	1141
1081	3461
15	227
1516	1010
356	4056
3406	840
1406	3367
1347	2203
498	1706
1531	3234
2673	145
1610	1932
691	2169
2514	1586
1476	3152
410	4058
3206	1705
3463	619
3405	607
32	3352
1968	1752
2593	2408
3840	1117
3174	3397
814	3903
3507	2129
3456	1091
1531	3455
11	2612
1436	3361
3070	2972
3456	2219
3406	2094
2749	820
927	442
63	2272
2289	418
3062	3851
2151	592
3999	304
1758	3506
2477	46
3406	3157
377	3162
208	38
972	2300
3645	1968
3196	3393
343	3360
15	2515
4001	3391
1081	392
15	2468
2213	1778
3332	148
15	754
3323	3833
572	2019
3093	389
3740	798
1128	1343
587	3514
569	3751
1292	3390
2331	3019
606	503
1531	6
1309	585
1417	2973
1602	119
1676	3849
343	1671
1531	3268
2772	3600
268	243
759	3108
655	713
1159	3178
652	3114
655	1418
2375	1348
888	317
2776	913
3518	2870
2622	3116
1341	2558
1221	3780
495	106
2498	2838
15	1537
2392	3869
1074	1515
3826	1636
4003	2611
3007	1275
3050	1235
2962	745
1255	2130
3864	1173
3000	184
750	3847
2455	2983
201	421
391	3531
2269	2046
1641	2094
1557	3253
1729	322
1683	3298
1151	3483
2560	3964
2746	3658
3711	23
3036	1177
585	649
3826	595
3442	2109
573	2906
3879	957
2117	591
999	1479
2508	1366
2872	629
1053	3885
582	2107
1598	517
1248	231
397	2672
407	3809
1919	462
949	2064
1346	63
585	1483
3859	640
2749	2049
2243	1777
3673	2349
1964	3991
3355	1702
230	55
3200	3818
2252	4004
3803	764
1081	1529
1754	3162
208	751
1485	3376
898	1343
3107	2978
3737	1331
3356	590
1302	2557
2727	2837
917	1604
393	9
512	653
230	120
3258	2499
2487	3618
1582	194
2303	1511
3546	2184
3260	1659
1668	927
2639	1359
2314	1719
2669	32
576	762
268	139
3215	610
442	613
1093	2634
1301	841
1283	1124
3605	3618
2547	45
2904	1921
776	424
76	2938
1434	89
3872	2832
3921	498
3761	548
2665	774
3200	572
1937	3420
220	2790
1128	2780
655	473
2954	1467
933	1302
2997	3655
3489	2097
391	2139
336	3496
385	2851
685	1915
1336	2814
15	3240
2623	598
1434	1826
567	3147
972	11
442	2727
1226	4064
4003	126
3511	3355
3332	4001
1676	2211
3810	1975
3323	2081
363	1502
1090	2793
2186	112
349	1986
3440	75
2175	766
1247	2235
66	2044
777	3964
385	1467
1081	3861
1593	3872
2963	1761
655	1103
737	739
3359	430
1947	1512
244	484
264	150
343	1278
2266	2841
247	788
90	2532
364	3408
2727	3608
2066	1150
407	3415
244	3096
655	1052
1758	2598
3445	1763
3849	785
2749	1480
1073	2270
2979	278
430	113
4001	3497
1610	2912
1356	601
2954	844
2644	912
633	3346
512	520
2001	920
2282	1988
197	3880
3619	3018
1784	2769
391	3533
343	1908
794	2386
1346	2140
144	84
47	3760
3840	2463
1646	1133
2224	602
972	1542
3282	580
503	3383
4004	2328
1320	709
1925	3060
2997	3576
861	3490
304	1164
1348	3709
3232	8
2266	1322
2455	886
32	3028
2639	1258
2583	2913
514	4023
1986	1660
1870	381
2768	3603
1527	32
1836	357
4017	1960
2814	1444
448	924
242	3316
1163	1794
496	1521
3585	589
2983	1953
1828	142
3245	608
219	1651
2503	2387
1306	2806
2209	2882
2046	3891
2533	1844
2158	3618
3282	3371
3943	3
3349	919
2583	698
314	3836
1393	3163
1046	772
596	3233
2709	1662
3438	2078
2134	1158
385	1462
1733	323
1145	1224
1203	3309
3357	1710
3075	2442
3191	1239
3500	1635
2943	1498
1163	820
4003	2081
655	54
3298	582
3430	2444
2521	382
3456	1803
1301	3270
193	3600
699	1523
655	315
3405	3264
2717	1319
2997	1028
139	3232
2894	2906
2902	1595
2375	1332
364	3054
3632	4022
962	1593
3703	1467
1343	2099
3061	3233
3131	1657
632	4003
3211	1008
1732	2214
3438	3773
3572	401
3214	3046
2254	2058
1234	1110
3529	3395
1945	62
1635	1242
1159	614
2954	2157
2761	3865
1461	2676
2954	1733
2639	676
3889	1902
836	2125
385	133
3839	1323
2101	930
2559	78
536	1007
1346	2653
549	3799
3766	802
977	749
3323	1264
2148	2362
2314	2590
544	1272
3040	184
1226	3788
3802	2306
349	2433
2375	1850
2029	2028
1486	1646
1103	2694
180	245
1268	1702
3215	3683
2521	2121
15	29
152	919
2349	1801
2180	2163
2427	2576
3769	2716
244	1765
2834	1900
2905	3046
1081	825
1677	2600
800	1449
1429	3989
952	2072
3396	3404
166	1724
3379	2584
1095	3966
823	2450
583	3854
3183	3436
1237	555
4042	324
4001	767
2224	184
951	3456
2641	2582
3190	776
876	3994
2597	1924
2749	498
1920	4077
356	643
1864	826
1430	3556
3855	2823
2727	714
2593	1624
3234	3261
896	371
3689	597
2197	1013
1095	878
244	2629
2979	4049
3962	531
391	1570
349	3806
2873	1814
842	1849
896	2839
1430	2524
219	3249
3225	63
3215	3957
917	2325
498	2223
349	3053
3551	954
587	1494
655	191
4042	603
2905	2376
1798	1175
1165	1192
3860	1889
349	3369
757	297
2639	54
3327	1862
3948	141
3139	746
1778	3026
3323	2467
2816	2797
973	2876
3368	2301
543	1661
2005	96
4003	1543
2584	1528
1484	1910
522	2080
782	2187
2273	3066
268	896
2206	2651
224	1507
2403	131
2183	1876
3645	2725
3291	3312
3459	2834
836	1657
2607	639
2726	1187
1301	3444
1895	1688
3332	223
3529	52
2175	1064
836	3681
3904	2944
4038	2725
2564	1663
2503	878
477	534
1657	349
2481	2250
8	79
3948	3983
1165	1290
1346	482
1298	1733
962	383
1306	3207
199	885
3276	3434
3715	2197
250	442
2533	3442
1185	1845
2198	1915
3737	263
68	467
572	979
1488	2176
3167	3018
2418	1061
1954	1011
2318	3543
1031	3170
362	654
587	2178
2460	1281
655	2501
1098	645
2639	3795
655	1466
3645	1032
655	224
349	456
1077	3979
2375	1466
258	3587
3302	3797
835	3868
2224	628
2874	1230
1290	2070
789	290
2749	1798
1490	75
3575	3345
219	840
534	2530
355	933
1731	1673
2749	346
2075	354
2958	595
1570	1330
3673	1141
655	2853
2113	2642
3288	3823
759	1141
3247	1404
1484	1127
350	473
3640	3340
4012	3435
3284	976
1667	3617
917	3738
627	3378
655	1922
1111	2206
1610	2487
242	66
541	2256
2232	2428
3174	3897
1074	3104
1531	1836
2362	483
682	2570
889	2775
1157	1081
1268	3059
2659	604
3368	845
874	2989
1719	3056
3727	2424
448	3607
3022	2794
1978	1868
3323	699
1758	3616
855	420
1021	2644
3284	1072
2206	1833
3975	1184
108	3944
2997	402
835	2496
2614	3636
2588	2019
529	774
930	677
2590	1204
365	2982
3438	3236
3177	3338
2530	2214
5	1426
2607	816
1128	892
1017	3457
242	2080
1314	3328
96	714
2779	3930
2004	4079
418	2400
3494	183
1408	2160
500	2780
3302	2256
244	216
1784	990
2064	3147
216	2617
2291	1017
965	1674
1013	1837
1321	1288
391	959
1128	1282
1499	1899
914	1517
3253	3309
561	3419
2455	2692
729	996
1788	1168
3193	3774
1695	3902
1531	1059
251	2085
2989	3280
3682	1479
3732	509
2080	3171
3948	594
3697	3127
3849	488
2663	1210
230	2855
2563	3670
338	1864
15	2543
672	3396
264	639
361	3891
477	1516
913	3160
3104	115
3179	1476
230	3937
2760	2724
1301	2348
527	3244
2731	1014
1317	1192
1095	2355
1862	836
1159	2526
3689	528
3849	3994
655	566
681	1197
327	2073
1314	3846
655	2078
1309	3120
211	2895
2273	1201
1246	2286
456	2438
1395	1629
1302	2641
15	561
3759	954
1784	1581
1320	2657
2647	2249
2175	1582
3632	795
1311	886
1230	275
1128	483
3007	827
2751	1400
2760	3360
2429	3205
2320	2411
933	2893
2664	1933
2224	2967
1301	1899
933	1519
1531	1817
1246	1240
1784	818
3727	2205
2666	639
166	1387
3833	2704
3432	1228
221	1316
1453	3028
1185	1066
1178	1931
1531	1787
3341	2891
2612	3200
15	4067
274	3405
64	3788
652	2599
3776	2103
1301	1627
477	3800
2666	1441
2117	929
89	1711
2673	2583
3776	203
811	2210
3773	887
3155	2754
154	378
655	3660
2825	2248
3602	3531
235	1156
3558	2942
1905	2310
3036	1442
264	2155
3186	859
4056	1338
1950	1637
3442	2266
2607	894
2206	2050
385	562
3645	3173
1714	2066
1024	2241
2459	3714
512	3549
1346	369
1629	2727
1019	2004
493	2779
729	2665
1551	25
2778	2143
1301	357
2585	872
494	1341
2946	1980
3632	3142
1516	1065
15	366
3093	2369
655	278
138	1890
1118	1271
497	3734
2399	3009
3529	170
1434	2127
89	2006
2749	2412
158	2854
2990	516
1865	2322
3366	3847
1278	1410
2455	584
4003	21
181	1179
898	2854
343	964
1054	1499
985	2614
655	1195
2273	3918
2183	1475
141	184
15	2214
322	1581
3317	1406
326	1998
822	3338
2965	3800
655	961
230	7
791	3661
3542	3838
343	116
1081	3802
2727	1238
3727	1375
2429	4002
3614	1
1789	3783
1176	2828
714	1655
2167	2408
2556	2897
1720	1856
1176	1099
335	1043
52	2775
609	3966
426	622
3160	3023
1758	1716
2102	92
1871	2173
3153	1896
1505	1624
2751	3000
3727	154
2012	1707
2732	640
909	1499
2593	1933
1301	2574
2874	1169
3862	1667
15	1676
2054	3213
3405	315
2840	2796
896	472
2341	185
3742	2025
1033	3895
2768	3145
2334	3971
2271	1404
2581	2157
511	1053
1876	3827
951	200
2555	2552
3136	2976
500	920
1447	3950
3834	3906
2080	3919
3803	185
3128	1907
845	2937
3167	1997
26	857
15	2207
2565	145
1301	2791
933	738
1344	3030
2551	779
3752	1899
522	2336
61	3975
2687	1249
3007	3927
511	1646
2967	3446
1926	1212
2968	105
1570	3837
929	3724
3632	4074
1081	3644
90	935
2191	1863
586	212
2224	1718
2618	2127
216	2482
3971	1499
156	2987
1275	3823
15	3963
3484	1734
2794	3680
138	2084
2421	602
2256	1652
1866	2753
685	449
2714	814
861	1103
2171	416
3483	1053
3902	1338
2914	712
1711	2955
1629	1121
3767	136
594	4044
3007	2052
3921	1551
1983	1601
3667	2867
3599	526
2365	2112
1350	2147
3548	2344
1578	1881
3862	1963
141	180
1204	545
2526	248
331	1012
230	3384
2521	3941
3727	2885
2366	344
1594	3918
689	3543
1165	3597
12	1161
1026	3358
2177	646
2873	3012
1309	1536
1721	1025
1163	232
2983	709
3581	1951
2487	1009
247	3776
176	1409
2607	3777
1437	2440
3848	542
57	3419
3186	3208
514	2853
1022	233
1635	1518
1895	2528
3119	3064
1402	905
606	567
141	3147
1904	2777
654	224
2887	2489
2080	58
230	3704
41	1387
874	2007
3971	1958
1302	1749
166	3594
2912	1948
3015	3451
54	2344
2597	2728
498	14
3761	1820
3216	2477
2117	1438
522	2761
655	1041
477	3513
343	3319
1128	2093
1135	2381
244	3556
1357	1674
1248	66
517	110
3846	1586
3261	652
3230	3841
1344	3565
2907	1612
2318	1581
4001	2491
1342	1917
2492	1144
1629	2887
2462	2413
1249	1228
3322	2382
15	986
3456	1548
2221	1877
1901	217
1097	3544
3129	100
522	2960
1730	1862
2159	2684
907	1084
1314	3423
3069	768
2639	653
2026	3885
3491	4006
2660	374
3778	2915
2375	928
1530	751
985	3578
1290	2202
2204	27
522	1278
3899	1005
311	3219
2206	1082
655	3
129	201
1081	1762
391	435
1377	2396
989	2488
3731	2835
2745	2404
2824	3075
98	394
1553	1413
566	1893
2341	2684
54	3353
3015	3832
1301	3554
3665	49
514	1487
1248	2010
2173	101
264	1300
763	1547
545	796
2900	1794
3880	454
655	977
1442	3316
956	204
3131	2107
193	288
1165	2952
2045	596
151	3967
1268	2878
1567	403
2250	668
1268	3410
3507	3549
4073	2014
1835	2675
493	1521
1113	1251
836	164
207	1214
15	1886
2597	2846
3494	3703
3390	244
349	3929
2162	4030
1301	4009
220	3519
2164	2775
3200	1633
2657	230
4040	1824
1309	3963
1888	3967
852	3457
1450	114
3016	1717
1586	276
3162	3503
1365	1996
2692	2255
1732	1826
479	734
2059	2003
3488	1078
2751	1784
3508	1819
1099	1373
932	549
3727	2963
3341	2280
655	499
1529	1348
1730	1457
3583	199
1311	4032
602	3825
2343	1411
2530	2369
1978	2893
3803	755
2802	2146
416	1738
1191	513
1097	1898
228	1464
1345	1725
3308	2118
3830	3966
3323	3247
962	2729
1346	313
1610	47
3099	435
2462	989
2559	282
1553	1353
753	3151
682	2410
663	1504
949	4023
1074	2290
2861	1849
2727	858
1357	3717
1934	2604
3731	2711
3107	1691
1090	2860
1635	3332
2321	3229
652	2874
3706	1045
3347	3902
2950	1168
2664	2807
1172	3654
15	198
3936	409
3879	3344
3327	2570
2018	3452
1635	1971
603	1823
3170	2631
3682	2934
650	1441
498	1937
1040	202
1486	231
3438	1065
1201	2185
1945	1948
729	1721
3224	1257
1593	1037
951	2881
1645	100
1862	2773
1731	3098
3846	2555
4006	1800
2455	2423
4079	337
1876	2739
358	225
71	1257
2136	41
562	3509
3179	3705
2054	3405
3134	2597
3489	3429
2828	3436
947	3592
3948	1346
1711	3606
3971	1096
930	1172
1158	505
673	2048
2096	581
1141	2467
1721	2696
1089	55
2607	700
2989	1441
1237	2931
3008	467
1711	3049
835	2686
2988	2158
1230	112
431	992
1388	3824
3834	593
3862	874
3826	82
343	2958
584	3650
15	3281
2187	2071
672	1476
2593	2099
2898	1922
1274	2949
493	3908
3369	2582
888	3851
219	284
445	1586
1934	2243
1758	550
278	68
580	310
1758	2940
1789	653
477	3509
949	2951
290	235
2997	2850
835	2704
181	2247
651	3465
2921	1266
2565	1332
985	1564
1751	3660
652	4066
655	189
3441	846
2367	943
2072	521
3263	978
469	122
522	3181
628	936
1770	3267
1230	3746
3835	2916
2802	3258
2213	3279
3007	2560
319	1419
1958	507
2462	1715
1629	2703
569	3331
1587	2245
2063	2940
55	3905
2266	1762
3995	2329
3848	330
3528	3099
883	3517
49	400
1485	2997
32	2705
3727	1896
462	1580
2232	943
2055	3131
2256	2455
3439	780
244	679
15	126
1738	2743
1111	58
1484	322
15	1599
3863	3045
2950	1625
2692	3808
360	2076
1379	1488
1256	539
1485	1612
1498	1387
1128	391
2549	1629
261	1070
3113	349
1593	1046
3880	217
1132	147
642	3550
1178	1416
2731	1278
224	2999
1919	2183
1028	1924
3560	1370
2912	3941
1022	1284
385	3817
15	3565
2343	1324
215	3184
402	2956
244	1217
1274	425
773	1499
2530	98
2521	1527
625	1666
1430	1823
4004	118
498	1861
917	3318
1813	1264
1393	2217
2583	684
655	3463
2639	1857
1405	2844
3543	1172
327	2744
824	1975
2476	2797
2590	2782
493	2261
2262	3943
197	3636
655	2570
2421	652
2452	4078
3593	2337
2388	309
41	3911
3871	204
1302	2301
1561	1109
2572	1256
1618	3188
3302	935
512	512
2886	3192
1405	3015
1344	1233
634	1900
1178	287
3658	1857
486	2805
2312	2774
258	3020
349	3719
3504	1891
2216	1033
1301	2897
66	72
208	2936
157	2914
2080	3523
835	4042
3584	964
3210	183
3369	2046
3451	2776
3607	3303
3907	3674
655	596
3784	947
2687	2828
3976	2632
315	3725
2836	199
2289	666
855	3278
3341	184
1185	2249
2651	139
1305	1844
655	1288
1395	2946
1838	3278
3408	983
3861	936
1213	127
4083	2733
2038	870
498	159
1041	1122
242	2703
3236	216
1484	2578
3371	895
1113	2671
2448	2205
290	3494
3388	253
3862	530
912	1261
1346	1966
173	3587
3742	3127
3162	3348
2636	232
138	91
727	3005
861	1683
3887	906
399	1274
2080	1321
3528	3362
244	170
936	664
1053	1218
244	1829
1425	1647
2657	1870
1484	3313
1320	3473
3689	2266
208	1186
1360	3189
1595	3763
2361	3137
2033	1531
3653	3639
2997	346
3332	1304
3407	2977
3349	2152
2732	156
3872	3737
38	1521
2727	3225
672	1223
349	3871
265	2607
50	982
770	291
2657	1250
933	1996
1178	3278
1058	1255
582	1941
3145	2037
216	860
2923	2948
1707	1151
3156	3018
3017	55
1045	2264
2631	3103
409	629
2770	49
3682	2339
2137	3007
3508	2854
2522	559
3282	2415
1484	2465
3007	2858
3008	3629
407	2780
1124	31
455	1548
598	1849
3445	4028
794	2532
2448	1548
2620	1172
816	3885
419	701
456	1906
1042	1884
721	3858
1636	2077
2131	4036
1306	3186
3849	450
1453	3325
682	1549
1779	2341
2865	1479
1405	3853
2666	1723
881	2355
1724	88
393	2083
3059	1770
2213	3632
1507	2489
1484	931
2738	222
2860	536
1586	2316
3327	610
3478	1023
661	524
625	2894
2720	3951
455	186
4016	1029
1660	2663
585	1660
349	2581
2831	3491
3979	2626
1846	1424
1027	1903
2272	2746
2881	1984
2852	1955
1531	2560
268	524
3518	3943
1041	1687
128	75
2727	2682
1095	613
3016	3405
2321	789
587	2938
3388	367
2690	1521
15	601
3563	3076
219	2782
2631	435
3371	2223
12	1145
3258	418
349	188
2814	3759
391	2121
3726	1812
3617	202
3697	2778
2979	2717
15	1916
473	4074
1803	1930
777	3098
1598	1768
2117	1798
3445	1760
2082	649
1113	1076
900	2709
652	2632
4007	3142
2027	229
3329	3010
916	207
2027	1638
76	579
3791	2072
480	2878
3239	4004
2206	3583
799	1294
3702	2844
1395	1816
3705	3994
327	2313
3762	2020
655	211
3998	855
3133	1062
629	2150
3166	3375
1314	3202
84	2414
898	104
391	139
1625	2191
1197	740
655	1825
274	792
2963	2039
264	2442
363	3284
967	1013
2678	3869
679	1514
3712	3630
1484	1255
2522	1997
3238	1797
2979	2500
409	3135
2794	2056
3822	2622
240	2424
2012	1330
2018	328
15	1073
1947	1660
1124	4019
1484	2180
3484	2731
1068	726
2695	1223
3810	566
15	817
2066	2236
1290	1320
1934	3133
2803	1013
1421	3162
3009	1491
2560	2332
1429	1583
2216	3036
391	1062
3306	2487
655	1290
1758	3269
1129	2129
3709	2707
3099	1735
2908	643
242	1861
655	3223
2794	1016
2533	1258
1678	1207
449	91
530	2788
3163	3852
460	385
1408	1458
1403	2467
8	1938
3484	2960
593	1052
655	1041
506	536
2375	2944
3339	920
2164	62
3075	2036
350	1007
2954	640
814	3700
567	2566
655	2950
836	1256
2071	1446
2997	200
533	522
2375	2278
2375	710
391	2911
2692	2792
655	2342
3323	3169
1301	523
2590	1726
1377	1878
2727	534
1309	3538
15	2062
2749	3387
2512	1045
407	792
309	1900
1128	226
3217	3716
1666	3247
1128	3912
1758	150
4060	1329
2285	3038
2876	4050
349	3478
1311	3518
2224	333
2693	3036
498	409
1125	3389
1513	444
1311	900
1768	2916
3332	1824
2714	3818
652	3627
1582	3469
442	17
1456	87
1761	1014
172	4066
655	162
655	3105
1531	1236
655	3805
3129	1614
3415	878
3689	4032
655	445
1463	3923
2989	2215
264	799
1373	523
663	3356
3204	324
510	2490
1345	3979
2392	2721
343	93
1832	3622
561	2511
1345	872
385	2896
1860	3466
1758	440
244	3847
3239	1335
3672	1711
1080	2050
2528	1155
689	3326
1344	3386
4030	3516
4076	3395
1335	2387
1269	2862
844	2185
3406	1326
2739	3890
3826	1891
2202	805
786	1984
3528	2134
244	1098
1567	1291
522	1330
2685	2030
2656	1184
560	3378
1219	3401
834	2491
1970	1675
84	2562
2355	2184
486	398
592	1041
2959	2168
1205	2693
3179	114
3059	3935
2455	304
3175	2009
689	424
2285	2177
2099	2890
4022	196
2622	1669
4003	691
3303	1705
174	2669
3064	2531
1773	362
1758	144
2000	3841
3841	2603
565	4023
180	3342
885	2322
1465	891
391	2729
328	3034
1609	1346
3702	183
590	213
349	415
230	1570
874	1208
1591	1869
2749	692
3366	3249
511	2081
3884	3302
1553	6
3032	2288
655	1286
3484	1734
1405	2632
3484	356
112	617
4026	100
2555	3430
857	545
2709	2372
3768	1430
3738	1839
1081	629
2197	596
1345	3527
3804	2852
845	3280
1711	2432
440	1773
442	3747
1128	2574
2593	1010
1947	1724
1302	443
2935	1014
538	2110
2175	1467
1379	1622
442	2084
4050	1122
1117	2498
3968	3357
655	150
1570	2590
1947	1053
455	2568
3212	2423
2476	2661
3427	2962
1026	2863
896	2046
90	1004
442	1682
2780	2475
655	3396
882	936
2375	3693
2618	2085
377	2953
2749	423
327	2661
1309	196
1662	2365
2375	3086
2389	76
1239	2791
912	2585
3332	893
1610	339
947	2755
835	3721
498	2650
1244	4066
1684	3126
3810	720
507	828
1270	1436
244	748
662	9
2080	2861
1128	341
349	2825
4042	3174
166	3259
1789	1695
15	3227
794	811
3632	2838
835	2520
1573	1737
1046	3753
1306	3792
877	3088
1698	2709
564	757
2403	2220
949	1949
3323	1222
3862	301
3792	3837
1017	2093
655	2797
1722	2236
2920	2825
2659	2666
2873	2632
2091	535
3308	3889
3163	3539
2709	3254
824	872
247	1221
1985	1965
664	3735
1331	880
2655	3659
1813	1087
15	1524
326	1777
219	1052
1950	1538
385	2376
1011	23
3447	3002
2622	2349
3462	3272
2461	89
1128	2706
2533	1971
32	739
3254	422
3547	424
2592	1275
99	3283
226	2995
2135	2519
2588	2524
3155	823
841	404
1593	3454
660	1131
2462	69
1776	3470
3787	375
2373	506
1635	959
3843	290
4065	1422
564	2712
1484	2788
1609	2500
3880	3419
784	283
1531	342
2330	60
1283	3507
1531	3116
3551	1504
2944	2777
1111	3155
3764	2249
2403	3717
2907	1741
2375	2994
52	74
652	980
2631	3979
804	1331
1586	3099
1395	2641
387	1938
1919	2944
338	4007
3240	2361
715	806
1046	1093
2081	2654
609	3684
1490	1835
1128	3218
707	419
2768	278
2593	3258
3653	1258
3129	1577
1178	1584
2768	3802
3632	3360
2084	1944
3904	307
3461	815
3656	3031
1357	705
3632	2010
1254	269
3206	3689
3632	272
1348	1388
2955	555
3727	2886
3495	3662
3957	420
2487	3218
