3007	2530
3119	2264
901	3275
2989	2179
15	3380
338	239
2137	2561
661	834
2544	3636
680	3974
3323	531
4078	1153
1190	1394
374	2678
1426	1295
2530	2722
219	3089
3740	2901
874	1242
567	175
572	3196
73	881
3456	2848
1505	1516
655	3453
1620	1619
2488	3083
2175	3955
3332	2727
1563	2327
3619	2251
3442	1653
3567	288
2192	3288
338	343
1049	1895
477	582
452	1551
2245	3731
3007	3567
2717	1573
1099	2583
2607	1021
431	3047
655	502
2979	4003
1745	3581
1250	932
1666	3941
1447	3419
3323	679
2989	1496
2272	1287
2452	3616
4076	1731
1835	1834
1875	2235
3064	1021
1601	1009
267	1117
504	907
1721	456
551	785
811	1773
2273	2794
3664	3840
985	2250
234	478
587	842
2267	294
1560	3053
3388	1832
2419	1644
2622	2940
1016	1959
666	747
3429	716
3261	2172
647	1297
407	435
2195	2278
1429	655
306	1017
2607	343
3644	1980
1595	3667
1086	2839
3727	802
3020	2224
3354	2721
3045	3043
2189	2375
821	620
288	3300
814	225
448	2327
3664	2867
3632	76
2565	3861
1428	3788
151	590
338	1287
2127	4008
4055	959
3129	2607
861	1230
3532	2066
3632	839
3374	2634
1163	3356
343	2559
41	837
835	2673
2072	250
3007	3306
1103	3067
511	917
442	2012
239	2730
1629	1925
445	278
824	1512
1053	2680
2639	2628
1784	4003
2881	1299
1505	3186
3042	2883
1529	133
1978	2072
3567	1008
3430	3683
746	1746
996	655
1988	3701
2064	2601
1505	196
2080	3341
1508	712
2616	3347
3015	1485
567	44
1547	1593
3009	734
4003	3530
427	909
428	2077
3299	2826
3075	4052
973	456
442	933
3386	2919
2175	3742
977	2705
869	480
3608	4024
2906	2391
176	389
264	191
233	101
1505	2285
2464	2092
1925	3198
3245	2458
349	2435
2854	3975
1553	1654
3323	880
746	456
2873	3163
3532	4052
2013	2285
1871	3694
1586	3083
1529	1874
3327	3928
444	1496
1666	592
2202	277
349	3956
3833	1973
512	2687
2860	2424
1934	3371
1835	3532
230	1503
2204	3786
655	802
1675	2763
2452	2709
78	412
799	868
3608	3363
2802	1683
2073	1398
1301	2321
3705	2126
625	2696
3651	3196
2505	275
612	3078
2585	888
473	839
3243	1546
486	176
712	617
2583	4026
3008	242
3682	3938
2082	3099
2205	787
3179	3754
3285	2227
1731	1594
2793	2720
3902	2420
3179	3955
2665	1039
2383	3290
789	2115
1246	2288
2568	3600
912	1412
3742	2063
794	590
3239	15
343	1165
3647	3039
3371	2583
3332	3955
664	907
473	927
542	695
853	1420
2663	239
814	2190
2498	2566
2983	508
2634	2303
1347	1621
3736	3245
2392	2096
4025	2405
545	327
2611	2839
462	672
2256	1135
224	839
3494	2376
3727	3264
1545	3088
3163	3562
1550	275
2519	3257
3007	1578
1081	3993
314	394
2521	3806
947	2494
2452	1226
1275	3494
2915	2374
827	50
2213	3331
1698	2592
1408	1021
1529	1573
3163	3583
3408	1800
3846	2727
1997	1749
899	2593
782	1202
1876	3802
655	1010
385	2391
220	767
1351	2336
1444	3175
2200	17
845	3993
2739	1729
2455	2902
242	959
1016	2998
4012	1648
1983	3826
498	3058
3592	3963
4001	3756
2989	1771
881	3392
681	953
1784	2677
2639	86
2533	2639
1727	3753
3323	33
4075	2440
2342	3249
861	15
707	2951
2603	159
2612	2381
3258	2375
65	1762
3323	3100
176	157
1253	1329
15	2659
3303	2676
1631	625
111	3928
2521	298
3055	832
3391	3964
655	2764
200	3045
2863	3007
691	2651
823	2054
2639	27
2533	3846
338	621
913	3851
999	679
562	3938
3332	839
3887	2073
2802	716
2375	1161
446	839
2320	672
1309	361
2749	166
2709	1697
2620	2732
3632	1761
2392	3464
2093	2969
61	1650
1154	3323
247	424
869	1223
3327	3437
836	976
2256	1858
2655	1822
1934	3350
572	902
3919	2859
502	862
1701	807
929	3078
3239	3748
2517	144
864	1980
2894	3327
3323	1508
562	465
1377	2091
4003	3600
3343	2486
506	667
1663	2593
187	1275
3809	1039
2004	1798
511	1202
3773	1899
211	2494
3313	2256
3276	2241
2692	3614
3210	2718
2784	3916
1934	2868
2072	767
2709	3053
3850	1171
205	4012
790	96
349	2343
3435	1224
1484	572
839	2974
694	736
2117	14
982	708
2189	2520
391	2721
2571	1972
3425	3365
1421	664
32	104
2421	1405
1311	3292
2521	3066
473	791
498	1572
2083	130
1128	87
2824	3557
2659	2224
230	1776
3858	3453
3814	1579
3880	3385
1531	660
1978	2683
693	411
3872	3861
2176	2968
835	275
2189	4003
2584	2486
2764	2884
1098	2120
1391	2817
2012	1947
3020	2659
2409	3446
15	1194
3388	2457
326	1107
371	539
4001	3600
442	1869
234	898
3007	1430
2746	2040
2251	2184
3884	4042
3904	1301
4042	1973
2375	3776
989	2044
1947	470
510	3551
2185	1868
15	3294
934	2907
2584	2068
3332	1012
2517	2989
2861	882
3791	2417
385	2018
3173	1697
1866	3610
2064	2045
7	378
3990	412
355	1189
3939	1479
1488	2894
391	3551
1393	713
2481	536
3843	1177
1563	3831
2521	2256
3491	2418
1977	1444
1301	2018
3040	3161
157	839
1484	2727
219	364
655	743
4001	3717
3849	2091
1405	962
3007	1485
3062	3941
3507	751
2303	1700
1135	3145
835	788
4035	2536
2272	2154
3369	3564
1911	3323
1484	2583
3210	1021
1945	2247
3137	2837
2233	3991
2418	3067
311	1262
3302	1595
1531	3343
951	1192
1441	3856
1332	2919
950	793
2849	2934
2533	2158
2907	1194
3095	1362
1522	290
264	494
2266	2782
3719	834
4012	1194
1160	2293
3846	2289
774	252
657	3688
599	2503
2749	2751
2574	2347
2322	2456
3405	2565
1490	2730
3955	1922
1024	2759
836	1338
63	776
2947	2179
343	2883
2878	1530
2375	390
628	2007
50	4001
1151	290
2038	2251
4003	3641
3727	3032
3260	1712
941	2814
3672	819
2713	2959
1128	655
545	45
3327	2850
15	2068
1345	1667
512	917
2749	1130
794	839
3614	2127
1350	3523
2556	433
1271	434
882	3357
2794	433
2610	3572
3224	653
166	442
3451	3498
662	3551
1911	2364
2781	4045
2421	15
3567	3774
1972	1594
2639	2626
3405	2271
1896	989
2593	2186
1226	2121
357	157
884	659
2462	3017
15	555
2593	2820
1109	915
1562	297
1947	3389
2028	1980
2080	3107
235	1069
2944	3437
2075	118
2751	1365
1042	432
356	1666
2417	303
2189	3667
3263	3717
1009	1746
835	897
2433	3537
835	1314
15	299
2008	833
385	264
1645	3526
797	2858
1484	230
1306	1165
1698	1685
842	3482
3880	3685
2064	223
244	1798
2154	2670
1499	3414
1246	2520
46	3551
3271	30
3742	3494
1073	2212
211	847
683	393
3862	2593
972	2059
2530	3000
1934	2803
3870	3340
3323	1933
2733	2353
3007	3156
3567	3172
76	304
1484	115
349	2635
3150	1181
2080	1030
3948	2288
1226	3012
2273	4001
3921	240
2285	3280
3016	15
1160	1567
3672	2876
3889	685
4003	3610
298	754
874	323
1301	543
2238	2244
32	716
1070	3357
1351	1362
2997	1360
946	2726
2087	930
2271	1871
652	1128
1758	3839
2189	2266
2189	3976
1573	3692
2610	1160
3528	594
1484	522
3445	2357
2657	3064
3675	2179
1303	1980
1684	1756
3608	2211
3323	2591
2561	842
3601	2676
2658	2870
3518	3557
3116	2727
3955	2032
3849	855
391	136
1325	1622
176	1577
2836	883
2093	864
575	3025
814	2997
2134	2032
2452	2874
1989	3551
1453	1705
765	1722
15	3595
2727	4050
1484	3573
230	1191
76	2326
2273	723
386	188
2090	567
927	1301
694	732
343	3610
391	465
3412	2472
652	240
32	88
3822	2953
2065	2457
1919	2730
2789	3285
329	15
3186	3264
2558	1434
3074	1333
2264	1746
913	3538
917	7
3179	2976
1560	2912
2072	2696
1606	474
2073	1453
1505	3382
442	504
875	2845
3742	271
1947	3227
2176	3476
1484	3675
2954	1732
3226	845
3608	2936
3007	2552
936	15
3360	2844
2497	2938
3662	2144
487	389
3003	3519
889	441
3869	1335
2952	687
3323	3991
311	3551
2559	2833
1314	1768
1080	881
1348	1194
3651	3551
1179	39
788	2791
3508	192
2272	703
2025	2588
2521	2018
763	3626
2556	3862
835	1053
3944	2040
878	2727
117	3647
247	781
655	3307
2451	1959
897	214
1758	3717
3778	949
219	2721
2606	2858
2948	3288
1947	3640
2620	1671
3226	672
2128	881
270	971
3645	1933
691	2283
682	3806
2908	1959
655	1166
1454	2829
1484	3945
4001	425
3210	3731
3186	1527
673	2255
1480	1094
2376	492
2197	3042
90	3939
1149	1534
2749	1268
2661	1462
2989	1270
1306	2320
613	1023
2768	1484
3555	582
670	1833
3478	1043
3369	2521
655	262
1301	3264
1896	4003
2950	2375
972	2545
1314	1531
3880	2132
1446	688
1484	2273
1178	1400
104	954
3382	2913
655	3685
2087	901
493	457
2522	4025
385	741
96	798
777	786
2979	3437
2661	1949
1103	1463
1531	1356
814	154
1529	1733
869	1892
2988	4001
1490	15
2027	792
4030	3658
3607	834
386	880
3653	1567
737	3008
2242	969
941	547
418	63
2727	1161
3293	3754
1345	288
2753	1468
1516	1708
3908	3387
2739	528
2604	1362
2641	3928
1761	280
3059	3163
247	2108
565	1478
836	523
3229	3961
655	1819
15	255
2268	2224
2925	4029
477	2997
1365	980
12	900
704	1250
318	3371
3407	3169
2692	2773
3155	2179
1054	2261
1396	853
951	553
398	1017
3784	2564
893	1112
2533	2912
1768	662
1796	2040
1788	2408
3123	694
2182	1362
2989	2533
300	1428
3405	1287
3712	3696
3571	3767
499	3446
746	3052
967	3910
2983	3569
585	881
2206	3484
1251	1775
58	553
811	980
3408	4011
3866	596
451	693
1792	3986
3425	2431
1346	1784
349	588
1635	3827
3921	3357
2192	1192
603	2318
1778	3994
391	448
3447	2610
2027	527
3738	290
4001	2032
574	1949
2908	2139
1485	825
1416	568
2990	1532
1748	3993
2933	3432
977	2703
1233	1727
2375	3120
977	651
3155	3826
2202	3166
881	583
1798	2127
750	15
15	1082
349	1552
15	2059
874	3551
1306	2115
2749	3546
783	3649
1777	2394
2287	1871
3645	3140
586	2015
3323	2294
655	1234
104	3019
1095	3064
3904	1292
1301	260
2206	1117
3008	1292
896	621
2053	4008
2027	6
3455	881
3129	811
769	1753
15	1650
220	1654
661	3020
1911	655
1314	702
2549	418
1430	1866
3912	2339
3988	3947
343	3145
1025	1226
3604	1941
840	1996
845	247
989	1459
2256	2727
985	458
2768	977
403	1205
2252	3520
385	4013
1320	4012
2025	1846
343	3617
3644	3482
320	820
3186	2751
634	3452
655	2626
2260	879
1306	1066
869	1921
245	248
1586	3723
655	3484
15	1867
3517	2303
4080	2118
3136	3947
142	453
385	435
1061	1879
1117	1252
1484	188
2033	2514
1011	1099
1977	3362
1049	3732
1350	2607
3632	707
2323	2470
633	1841
655	408
1965	3903
3356	1024
672	537
1030	528
3239	3166
1609	3008
2756	1663
310	659
3834	3177
2807	261
3786	989
2047	3508
2597	522
151	1889
4055	1052
2247	1063
270	407
2193	3716
15	3666
15	2094
2805	600
2134	3381
2530	2809
216	351
2881	3667
1268	465
477	1653
1342	3424
2999	2134
1301	3027
2401	3551
1395	74
853	2614
208	254
2776	1176
2343	3845
1562	4001
1506	169
1531	1922
3849	2012
3155	3846
311	3708
3044	2129
3592	1466
244	531
655	446
2306	1701
2066	3789
2990	3972
1035	125
3910	2913
23	942
89	615
729	3687
1253	881
2375	3000
349	2198
2288	1933
989	3552
2776	1346
1747	642
3786	3323
914	2774
1770	1072
349	1592
386	114
3369	1040
2106	3168
331	971
1516	264
2533	2727
88	2115
3586	2062
3632	240
15	3650
230	1043
2268	2806
1336	441
3998	1428
2405	3340
1095	223
3491	3536
1246	222
1531	2878
230	1237
384	818
585	338
574	917
349	662
1320	1140
2799	1402
3488	3319
655	3427
2873	1933
1788	2012
1616	2695
2493	3551
989	2257
3491	1732
1080	448
32	2108
2639	3504
1866	2186
3296	1486
2080	941
2287	2178
3523	3666
1119	39
2727	4001
1785	3109
1880	3484
3332	3325
219	3884
1490	1957
3483	2514
1205	1433
1192	926
2280	2054
2565	95
2164	568
4001	250
927	2018
2590	2216
2723	3371
419	10
1484	2480
1402	3300
3051	3751
1181	3220
242	3323
3846	3887
1249	1049
395	1353
3965	1457
3492	1949
2692	3851
1540	2413
1705	2023
3585	574
514	1547
3003	3473
767	625
2284	3578
219	2027
230	1350
4001	1356
2873	3140
242	1773
1302	442
166	1301
2900	2133
311	2583
114	3551
15	2557
2498	3557
696	600
2013	3783
835	842
1865	880
1208	3911
572	175
230	2590
2027	1124
2997	2930
391	853
2418	1584
394	2817
655	411
1551	3883
1614	2748
2241	3090
4038	1683
2571	1594
871	2833
2749	4073
268	41
655	199
1909	363
2913	1085
2481	725
958	2447
1395	1244
909	1433
972	2858
3020	110
349	798
1513	2158
3020	2583
1434	3572
3515	362
2657	989
2706	2457
2685	2386
2556	2794
3093	3517
3571	3972
407	1176
2398	958
2907	3571
1214	1651
1357	435
1598	1922
2064	2865
3952	1844
1135	1165
679	1729
1758	839
2141	3543
811	44
3907	1501
3880	1275
2768	1128
972	3004
1485	1390
349	3365
15	1794
3571	1960
163	1948
456	552
857	1722
2320	1922
545	465
2717	2940
2224	2788
2803	2721
3008	2094
1180	1037
4022	2098
2544	1487
3742	1301
2607	1354
1560	3048
585	2117
486	501
3116	3155
3848	2777
2654	1771
1165	470
681	64
2016	1316
1305	1489
268	1280
82	1069
2884	262
2612	802
2117	1978
1484	1302
2455	2157
166	2677
3705	3289
3261	3814
391	162
15	877
2794	4055
1226	3107
2224	2663
1978	767
1770	3803
385	3000
3163	1912
826	727
2406	2627
2245	3201
1984	1183
1506	450
977	3473
427	2622
1876	3632
2657	3387
327	1242
161	1016
449	134
3406	3354
391	585
1377	588
335	277
512	682
3255	3351
2692	1977
407	746
4042	4067
173	2477
29	3616
15	2504
1598	2285
3476	3320
4075	1705
327	45
356	1097
15	3610
1178	531
4041	11
765	1129
4083	3927
3837	2823
4001	2817
773	2325
3915	2190
821	954
655	574
1071	3375
23	1962
884	1301
1309	157
3845	1652
86	3993
2899	3456
391	268
1363	1594
1131	2395
2273	1131
1151	1202
1484	33
2864	2546
1363	1731
208	1300
3682	2321
49	1307
3351	2184
2872	1818
1505	3938
2421	3523
2810	935
861	349
1404	492
3733	671
1484	1947
3156	549
1813	1775
1680	182
32	590
2159	950
2175	1484
4003	4008
2131	3738
589	3222
913	531
2185	839
1771	1779
242	1347
264	568
129	1820
580	965
582	528
4012	482
3810	3776
1598	912
3899	3812
3179	1623
655	3064
927	3179
1498	268
1344	154
1489	1534
3575	3576
306	1416
2476	2950
2559	723
3456	3402
1553	2410
3456	3297
483	684
1496	3571
1111	1226
2565	2537
503	3551
1871	179
2012	3494
3948	1560
1683	2685
4038	1016
329	2521
835	2088
973	2696
2421	523
218	2602
446	1842
2727	3727
32	157
2679	3758
2908	2237
3447	74
1357	1287
732	1433
1909	1151
3849	3187
884	379
1244	1934
2644	2172
2601	1809
570	1141
835	563
526	470
2861	3357
1285	1466
689	3722
36	457
1441	839
2659	2677
1405	3062
857	465
2197	392
913	2719
655	406
3948	3815
1556	3166
3048	2907
3948	1650
682	10
2663	2073
782	325
1570	3682
328	3084
417	3551
3215	2540
3719	3053
1862	3179
913	493
2364	3632
2542	2638
2675	1021
4038	1764
2533	1407
1484	1496
1097	149
1876	3682
2012	3955
2713	3040
4006	2366
3778	1111
2641	1660
1806	2283
171	414
268	1077
2081	3172
729	2098
3151	3748
1586	224
2232	3298
1842	2575
673	842
219	98
196	1112
2403	3543
3179	3975
4035	1094
2717	2122
3897	2381
655	1069
554	211
1430	76
4004	2183
1758	2837
3494	1320
2939	2737
2037	2622
2557	150
407	71
967	4003
1301	1866
3549	1131
1531	2480
1158	3622
2836	3302
1040	1203
2750	3479
572	2843
2997	3349
3267	2094
1496	1540
3267	3462
15	2794
1229	3529
15	905
2196	1763
15	2326
1636	1452
1076	1222
2979	1132
3267	3007
3569	3080
4057	2466
1490	2224
3697	2443
2692	3955
342	87
2343	2574
4001	247
2902	864
466	1167
744	2968
514	3985
2163	820
1128	567
869	790
587	836
3154	3529
951	590
3488	812
2558	3572
1571	2630
1552	1732
1721	3223
1421	1729
2659	2257
3137	3910
3288	3294
1570	2018
88	275
989	2344
3356	36
194	290
338	157
2597	2127
897	2606
1302	1178
216	6
2117	3494
3965	1840
2795	2710
391	273
3491	3975
2238	268
1292	3748
15	3437
2768	3494
552	1731
3547	2127
3008	2584
2642	2648
2376	1481
2080	2314
530	2477
2902	3322
896	50
1598	2082
3036	716
2075	1628
2639	102
1022	338
1947	2110
654	368
3605	134
969	216
2597	4
675	1226
3324	968
405	1126
1570	4001
2979	2847
3389	3955
2517	2502
15	3538
1529	3460
2351	935
1876	2692
2299	2561
2268	1919
1947	3062
2639	1165
554	1549
1306	1049
512	385
594	1323
1602	2498
3053	3624
2455	2777
2830	3955
3567	193
4055	2573
15	144
2694	797
1635	3885
359	1200
2094	4005
3924	3603
1531	879
1111	2593
1345	1219
343	2486
2709	3364
3727	2722
514	1891
3155	2054
1346	3921
2714	1792
2921	1677
1260	1407
941	85
18	3264
2750	2725
2054	1654
2046	3036
2064	1522
1684	2569
76	1287
293	1443
1484	2588
2803	3357
537	1932
3223	29
3640	315
3957	4003
2639	4003
682	1178
538	2721
2750	3518
2256	2245
433	735
1301	3552
270	2476
3998	3637
1947	2235
1747	1054
1395	356
1080	58
1346	2282
1350	4003
1301	2753
2064	3576
765	272
2852	3480
836	2408
1128	573
770	1065
3186	3397
782	511
2722	2832
3877	3603
670	3502
1488	3628
3682	1750
442	1192
3778	2391
787	980
655	6
3089	3738
861	2794
363	1014
3332	1573
1666	1301
2375	3571
2530	2559
2749	1430
2233	1842
2880	3498
1403	3400
1356	1188
2610	3667
586	3279
2007	428
230	3955
2827	2596
2224	2777
655	217
1430	493
3303	1925
980	1220
1809	989
2392	2625
15	1809
391	811
2202	1973
3520	3417
2094	114
2113	2007
2597	1412
1771	2876
3406	3750
680	3714
2931	3803
1301	2198
3239	1556
1531	605
3104	3117
2617	2938
435	3600
1514	3431
385	1103
2749	3845
3885	3231
1747	2507
114	362
1027	837
223	117
2565	4003
3880	338
4066	409
1069	1391
2749	3356
633	568
264	2588
1238	3257
682	1160
2727	2375
2794	2559
3162	1557
473	10
943	3512
661	349
3932	4064
567	583
3155	1560
3880	3632
3332	2161
3007	3649
1978	625
2	1900
1610	2480
32	2234
1050	3898
2189	1287
836	1244
3451	4000
3727	1096
197	378
706	268
1334	659
3356	655
609	930
1178	87
1938	121
3880	3640
3255	2184
351	53
2505	170
1935	3551
633	3026
1006	1842
180	954
2893	2890
2724	2453
1545	1903
15	2974
836	1219
1053	2633
2008	1239
3632	1953
224	676
1107	312
2629	2030
2561	2180
1947	784
4042	2242
2392	2960
2727	784
1926	2184
3682	2266
2912	2907
655	129
1899	1394
1875	1445
2939	2672
2238	1621
1350	3666
2607	4003
2921	3097
3897	2425
535	2980
1385	1782
2027	814
3285	3251
2621	3537
3296	1149
3332	446
1111	3406
2501	1078
3509	3551
2273	3405
530	2264
885	65
1925	1299
1519	1949
15	3914
1348	954
2537	1375
3191	1234
1531	2567
2027	511
1985	3231
3609	3093
3408	1828
1249	664
1057	2789
1570	2583
835	457
1429	1483
448	247
2392	3040
2082	1646
3803	3955
655	627
1360	1949
3567	1407
2205	3811
2916	2941
3715	960
385	928
1129	1722
2732	1671
621	1569
3163	2815
841	907
392	1540
1088	2591
477	3741
517	301
1298	2330
2208	2040
1178	4001
3810	2935
2515	1226
2836	2103
3288	3791
2421	1275
3915	3954
1301	470
865	911
992	1576
391	1498
3163	3454
3258	2583
349	727
1758	3774
1618	15
1426	626
2142	1518
3477	3597
2894	1347
2749	2101
1977	3285
1513	4049
1925	3719
1248	933
1244	2803
385	119
2087	172
1309	528
2489	1439
829	1919
219	1265
999	118
1505	2288
644	1319
3057	4081
1115	3084
2727	1532
2691	1105
1531	949
1332	2183
15	2295
1099	2726
1095	456
1367	1741
2922	2718
2080	193
338	1292
564	240
3457	3663
1964	2730
4065	3661
1797	3980
426	2670
3451	1208
4051	2220
1919	3744
2908	3294
2375	1895
729	551
3632	2122
1191	3727
824	3494
1484	3846
1570	2225
652	824
220	3647
2403	2727
1934	2033
1484	962
1947	2668
1178	240
2476	2038
655	1110
244	1265
879	1841
1758	2767
3826	1147
652	2499
689	2990
2196	3964
3810	3530
1458	1128
625	1324
2945	3765
15	839
2529	3279
1029	1173
4055	2537
1151	154
2894	1105
1531	2197
273	162
3238	2285
487	2914
3397	1394
1306	2435
442	877
638	1782
1105	3711
2175	15
1019	2148
1354	2120
2464	2605
2066	676
1429	1054
3742	2272
2403	1732
559	1301
572	2320
244	2727
2949	522
655	3303
2403	3972
2664	3260
2883	3938
398	785
2425	2877
668	674
1173	322
2533	3767
536	98
1103	3293
3129	3136
1301	2573
3332	2034
498	967
2983	3439
1889	1410
1957	2257
141	276
2770	2912
1770	2907
4057	2725
1582	1583
3054	2030
1901	2655
1113	3406
2330	226
3656	3270
3607	2726
1484	1287
334	839
1248	1165
2664	655
564	774
1001	2568
1947	2484
689	3672
3179	3934
3806	880
2191	1650
488	812
3210	1530
3214	3337
3727	352
2064	548
769	3427
1376	756
3465	4081
3689	164
2330	2095
3632	2288
1253	3976
2590	3323
1758	1516
3395	1919
3234	2591
655	1002
2300	2947
1484	2452
2666	1556
2106	1815
941	118
3894	1128
15	3314
230	3632
853	2018
1947	2968
343	3776
1992	3640
3388	3183
2224	1063
654	922
1228	3551
2869	2013
4004	1332
3813	1773
320	1347
1302	2216
3007	2979
2027	633
3060	2652
15	3479
441	954
25	1116
3087	2481
3387	3587
722	2078
3776	255
657	2828
2499	891
176	394
1876	2913
1237	3437
1484	3767
3406	4012
3155	1430
3529	1841
3826	3491
343	255
814	2661
2721	44
349	1895
2158	3832
2007	2095
391	240
1605	3064
3593	3169
1566	99
1128	2340
3406	3813
4001	1895
244	1380
244	664
4002	692
1532	1407
3447	3846
561	1320
582	1263
1947	144
99	2633
3927	3554
2134	1485
2912	1496
2375	1532
3102	343
933	1327
3	290
652	2419
655	1287
1159	290
1835	2750
1317	1215
4038	2183
2649	1094
3588	2416
3441	214
4006	2375
3908	3019
231	290
1105	228
2599	1478
2597	855
1560	2907
1314	32
15	1572
768	548
3733	1914
3350	3357
1357	1356
902	1588
3008	3066
2320	177
3337	2486
655	3803
1159	3886
655	32
210	112
919	611
729	173
172	761
327	839
600	849
3569	2985
2810	1280
2487	2890
3726	3600
1006	3499
655	76
362	3748
385	1132
238	2922
2402	2469
1314	247
4003	3523
1018	1211
3179	2418
655	3335
2517	3551
2064	1605
2639	531
663	2732
691	2632
3981	3333
1350	962
2167	3556
3478	15
1770	342
857	240
176	2480
132	839
2593	2381
73	567
1248	349
3377	3126
1049	312
3849	1301
2266	3727
495	1295
2403	2907
3646	1453
2213	2302
1592	1228
3450	3322
1302	3538
3395	3744
1208	3070
889	372
989	212
315	156
288	1473
3645	2691
3001	1090
1610	2935
2643	426
2229	2830
1871	3844
539	118
448	1895
462	1424
2676	2632
349	1377
768	3992
2997	944
667	1391
881	214
655	216
3769	2088
244	475
2080	721
2533	1560
166	264
4006	2923
3160	1496
1531	571
586	2455
989	2097
3281	1801
1042	242
2503	2115
1345	567
148	649
15	2075
1701	1763
1099	3938
3179	4008
2047	192
1448	3898
2751	1176
63	113
588	1875
3563	47
2308	76
90	939
2206	2191
2315	1475
3332	2522
502	1159
3515	37
1983	2452
913	2198
2064	3647
2751	3120
385	71
2798	864
250	3136
2046	2062
473	682
574	290
1871	3780
1095	222
114	103
2722	4003
3860	1403
1570	962
3155	2729
1488	3664
3451	1828
930	16
1484	264
1301	3437
435	724
1523	2637
1529	1075
1496	2907
387	655
3447	2881
3007	2391
3904	3745
247	3993
3645	3059
1113	1335
2064	3731
655	1399
2814	290
1768	824
646	2219
637	651
1121	1994
349	117
586	2777
2467	3163
1376	1773
2503	2184
546	171
3377	4052
35	338
385	315
501	907
2556	2217
3538	1287
1558	1094
2094	2591
3645	1537
1777	22
1628	1583
427	2977
2179	1650
655	905
810	2907
1488	555
1776	2909
2375	3829
522	3172
3426	3411
2990	3053
391	2110
2483	3779
2749	799
967	1017
2687	3191
2427	2518
3682	1176
343	1147
2768	4001
1348	2803
1531	186
3269	2820
305	1194
2749	2204
1864	3443
2654	840
230	1138
1592	3344
2008	1122
15	2782
655	1202
933	247
388	626
2750	3897
10	31
2209	3126
655	1718
2908	3863
2631	1560
2584	3371
1230	2575
2392	3594
1485	3811
2341	1879
2593	1320
2869	1079
3889	1906
3216	1119
1229	1304
2392	3782
3979	3878
1306	3046
273	1258
1886	441
691	1654
846	2017
3810	242
1886	3752
1246	2041
349	472
3632	877
2117	2480
3948	2387
2469	1500
1248	3742
1113	1977
884	338
2273	2516
3323	3262
1403	3523
2937	222
426	2696
327	2371
585	1040
2825	3030
1937	1632
3643	2676
678	1592
1639	1110
3605	3617
2849	2926
208	15
1819	988
3371	1070
2768	338
3559	1401
1226	3425
1736	1279
1178	71
269	1979
861	2575
951	693
551	95
844	4013
3957	3948
511	2884
3271	2131
2522	1496
3701	2145
15	2198
3110	3551
3011	2457
487	331
586	645
356	1326
1095	220
3430	1453
3312	3916
3846	1496
613	1126
2375	3672
391	3810
944	3043
15	408
838	1826
858	2438
2210	2545
1919	1299
3648	1845
587	897
2664	15
3575	290
656	117
3610	3437
3252	1332
1920	1146
2206	1676
585	977
1635	3135
369	1010
3653	3293
1248	3705
1301	3055
2074	2384
1358	1266
585	322
1484	1421
702	1007
1097	930
3693	1453
3810	2158
2147	1650
1363	1820
3866	1143
748	1773
90	841
1758	531
3727	531
1758	2844
861	3405
2080	4001
3485	3611
2271	1225
486	2249
1662	594
4042	2918
2802	1933
1011	2172
1918	4022
655	1315
1828	1208
1403	707
1080	1429
3836	3047
1945	2224
2064	3186
442	4001
672	4001
546	196
2108	390
1405	3267
2530	2032
3617	1369
90	1562
3007	449
1309	839
3008	3494
1309	44
1547	1424
1779	3079
3447	2122
468	1002
3698	3982
1469	1055
1529	1054
2639	1622
512	839
655	144
1301	1485
2731	3682
2289	977
3183	3037
2480	907
343	3600
2289	2384
1553	250
1105	903
3494	3481
1113	1934
2421	2878
1717	1644
1967	2024
3364	1014
1053	1301
3228	3025
2013	3298
1712	2555
89	423
2727	2720
1019	301
1872	3060
1947	1664
308	655
15	3004
2054	3131
3862	723
2296	1981
385	2522
653	1241
1128	2214
3111	3344
3006	2628
1274	3682
328	1782
3006	3727
518	400
1266	1807
493	555
455	51
3327	1947
1647	3086
2455	888
2444	2959
1165	839
3459	475
3305	2758
3904	176
2907	2119
3276	2106
1648	1187
2089	3256
422	888
9	2104
3196	2944
1190	2468
319	3406
1377	495
584	471
659	1782
3727	3107
672	839
655	4051
1896	941
729	2264
1053	3522
1631	2696
585	798
2045	4063
1553	220
60	283
655	1826
514	926
3210	2752
3254	2730
473	2673
2313	3365
816	3551
4046	2780
1637	503
15	2032
1789	15
951	58
1813	2292
1737	3554
1596	419
3007	2469
655	470
52	3230
2565	2566
1405	2408
2907	3897
861	2574
240	811
2768	3880
2283	549
3810	2912
847	1549
473	176
1406	1759
1676	3887
1165	76
3826	1301
2282	2522
427	835
1028	2785
2644	2788
2137	1111
4006	731
1103	2765
2101	567
3481	795
3155	3875
2622	2951
1678	474
3174	1464
3151	3184
1867	223
349	1225
3870	1308
2273	1165
1230	397
3210	3780
3644	2895
2011	3082
515	351
1531	529
912	3547
1275	1165
3258	3752
742	2915
2997	1816
2013	2127
1133	180
1430	1301
1484	2793
3843	2761
342	3136
2421	3134
2639	699
3527	2292
1320	3021
3727	3967
2659	779
58	448
1230	1988
1984	1740
2912	3571
1557	3767
385	342
15	3717
1348	1028
349	3913
2364	1666
3107	2115
4026	1287
2534	3770
1246	1477
1644	3019
3494	2391
3186	1394
1344	63
3948	3238
4012	954
169	1782
1484	3356
515	197
752	1987
4042	2408
1185	3070
3285	3362
682	338
669	1446
1516	3938
625	656
967	3803
2622	1526
3323	1105
3379	3398
996	15
924	360
1630	3988
1770	655
2912	662
3826	2630
1837	197
1306	842
3362	1881
15	1165
3611	3197
3826	2189
236	952
2583	2952
3215	3632
73	3030
3007	1483
2544	2042
1853	30
511	1994
2983	3080
2375	694
3682	1961
913	3682
3292	3743
3550	2570
1638	3520
1601	299
446	2575
264	3320
1895	1640
3323	1922
1897	2091
2768	2134
2861	3406
1306	3416
661	2580
359	753
2978	1284
1531	553
588	1732
1455	1653
670	2106
3880	3136
1484	2403
1464	3655
741	3328
3460	2266
1480	159
652	664
2321	3727
3764	3670
2544	3339
594	752
516	703
1758	3880
1357	1093
2086	2552
4055	2833
3129	343
2989	2403
4055	433
3179	3536
1625	3494
1291	3285
2197	2189
981	464
3468	3878
4046	4067
2649	4035
944	1202
2080	3538
2757	1887
264	3968
3727	2468
782	1360
3972	3741
3365	2296
1593	1275
2768	4026
76	44
3849	1412
3582	2448
306	330
3826	3879
1635	1678
709	3272
996	1398
290	3992
391	2180
337	1570
4031	989
2894	3448
2749	3727
1933	2339
3133	1012
517	4078
994	1170
32	1265
1964	1398
1034	15
916	112
3172	1671
1244	569
2887	5
1098	1837
2301	3513
769	3733
3974	3711
3438	2593
1871	2201
384	459
3791	4036
3214	1646
655	1824
2861	2803
1380	965
3804	275
652	732
3715	1850
219	84
1810	531
166	2189
2654	2918
31	111
3826	1827
2521	1097
711	1055
237	3551
394	907
972	3381
913	1301
2733	3727
917	2884
32	626
1282	408
3007	2845
3488	2564
3918	3497
3121	4003
2547	3090
1229	2423
180	811
1484	1835
1341	1395
2997	1841
2421	4028
1788	2928
2273	2559
2908	2925
230	3567
569	531
2476	3010
2049	2727
2567	1540
3356	476
3406	2261
1268	1074
97	1236
343	1385
580	1116
2644	421
2100	2913
530	3119
1294	2928
1267	3443
3607	3887
2655	2325
349	2019
1747	86
1945	727
50	59
219	1244
2126	196
2822	3219
1757	2483
588	2115
1156	100
3579	495
845	4001
1684	2882
3131	3556
707	3091
1777	4017
2388	3556
2117	4001
2008	2330
3215	2091
1349	3164
1531	1192
514	1424
1758	529
1489	1486
32	156
661	1152
3897	3371
1620	1416
327	664
1111	1320
704	3287
784	2710
652	392
2692	1880
2981	181
3099	2033
2273	2865
2541	2970
3518	3125
884	839
356	130
655	503
3297	3554
3144	2018
290	1949
2888	1553
2350	3078
2749	1876
1573	2773
3156	1922
3557	1465
3015	2999
3036	2486
2950	239
501	59
15	2100
2530	1614
264	465
2997	776
3440	1934
2271	1839
2330	2325
2612	2194
2732	2289
2760	3463
2589	3982
3846	3084
1306	933
3862	2565
3319	2786
489	338
242	1369
1616	2674
1141	732
866	1127
404	1966
3897	649
933	470
695	531
335	1263
31	92
1484	498
1226	3396
3972	3767
2232	1598
3727	2381
2840	3461
691	2564
1363	1972
3592	2473
512	36
565	1614
1893	1483
1551	3545
1770	1729
1350	3887
626	2557
1178	3416
3	1104
2509	608
652	1287
990	3827
2368	1184
699	118
2590	3801
90	1762
1977	2296
878	776
197	1287
2325	1939
4055	2347
2767	3494
2863	3632
3382	15
2001	4049
314	6
664	1922
1345	468
917	216
2544	3218
1654	3446
208	4001
3644	2608
1596	1301
1301	4066
2814	3992
1395	1990
2508	1264
2572	2593
1047	2982
3155	3955
430	19
449	3578
1938	2363
24	920
855	1284
824	569
2751	1357
1677	2023
517	863
972	3448
2607	184
655	755
3366	3908
2134	2565
2247	2730
242	3494
2878	1556
3617	2034
1592	1073
862	4014
15	962
3288	2703
1676	1325
1412	488
933	1165
2989	2912
2872	3918
995	2726
440	2305
2689	98
2704	839
2080	1522
1067	1664
2332	2714
391	1248
1099	946
936	1048
222	1226
1447	1465
3971	1206
2979	15
1866	3571
3408	4074
2588	2780
1357	724
370	722
1128	2265
1192	809
1301	3538
187	3910
1712	1357
3166	2579
1475	798
244	2600
1294	1236
334	664
2207	3424
3506	2195
1646	2033
1798	1089
3863	3566
1226	3417
1396	526
3810	2722
1505	2161
2959	3951
230	2091
1344	3341
1484	512
3632	680
652	3129
2442	2864
2912	3551
4079	2139
2175	1947
3494	3043
493	3551
2528	2093
3810	1075
1672	1202
73	553
2242	667
1240	667
3645	2705
3887	3494
2001	2340
2954	3813
483	965
2981	2180
242	2607
609	1028
956	3523
672	845
834	3630
1496	2179
418	2378
1570	3970
3632	503
3458	1465
12	2591
1864	3682
1758	4003
2612	3490
2639	658
2657	3264
989	2281
3302	3248
3887	2257
947	1299
2556	3872
1235	941
888	2005
1301	2468
3649	1947
391	545
2320	563
1919	2788
341	1309
689	1720
2659	3600
1471	1511
1488	2178
3826	3955
1141	392
746	2320
1268	3076
1405	3230
655	1692
1484	3902
1128	884
92	957
1302	2486
3652	3029
1695	2724
3373	343
924	2026
1837	2736
2444	3933
923	3972
2717	737
2825	3056
1601	3377
2327	1281
349	1793
3506	2278
2349	2652
2745	3944
15	1567
2036	3718
2556	2833
1224	4023
2931	1689
12	1729
985	969
3155	1689
4020	3698
3323	344
1798	3
2388	3986
512	707
1498	593
349	910
1100	3744
264	343
977	3368
4055	1375
1160	2734
2900	1556
979	277
1595	3968
909	881
971	2698
230	255
3186	1021
3619	1799
2224	239
642	2721
619	1542
1610	685
3405	372
166	2669
2273	1138
2799	3300
1048	118
32	672
2721	571
4020	374
868	1082
655	1170
2803	821
3998	1606
2593	3380
2588	1441
3332	1194
1128	342
2185	1141
1151	3504
165	243
1657	1808
824	409
3007	472
3037	2502
2236	2845
2517	79
2064	2518
166	655
2632	2786
3268	3079
4017	2458
2735	2691
1346	1405
222	117
1302	1301
3682	707
2174	1671
919	593
924	637
673	90
3323	2722
2793	1264
977	1162
2727	2793
1285	3269
2338	2457
442	905
1344	2549
4003	3974
551	456
3342	2438
442	3682
1429	2134
3760	789
138	263
836	694
1095	1562
2988	1357
3838	3297
498	176
1369	278
2430	2642
3622	3781
2027	941
3107	392
2271	1483
652	3727
2643	1879
3608	1812
3007	2864
385	3405
1322	2997
3447	2289
3348	1105
1606	1295
1781	1816
326	1356
3682	470
2768	2288
242	255
1306	3482
305	1111
778	1658
2657	3727
2982	112
1190	1540
1434	3366
1342	1937
543	3816
3008	1577
176	1863
1924	343
1447	1977
633	216
15	1804
15	2890
3677	3970
1531	3007
495	1105
3378	1279
3095	1633
244	626
1181	3964
327	240
690	415
861	2593
2197	1947
15	2253
58	175
2792	976
244	996
2256	3201
2330	1939
1444	3285
1556	1132
930	1148
883	804
829	2788
1675	1151
616	62
15	3484
967	2816
602	1528
2681	1625
655	3027
2205	2606
349	1093
2080	3737
3271	3036
3189	1696
1441	3727
349	913
1564	1859
1477	1075
528	1762
836	2858
242	2753
3091	1814
1030	903
1765	2228
4004	2908
2533	3719
759	2666
3494	3955
3356	3651
144	1922
15	1105
2749	824
897	1182
567	980
3611	2208
3007	2212
1587	2865
2639	1816
3929	2228
898	378
1601	2898
645	597
1610	389
1516	3324
151	585
3956	392
1011	2583
629	788
3587	3314
3019	3017
2012	3425
3933	1269
2189	1165
115	3371
1099	848
242	3776
3183	1832
1716	1365
1314	338
1306	275
174	2578
3187	1736
3460	15
372	1048
3091	1433
1635	582
3215	2610
1278	28
293	286
729	3165
2271	641
2027	655
1382	882
3803	3389
3015	3381
3438	1275
1408	3107
391	1531
1444	2240
3093	1394
572	493
317	97
1363	3125
2492	2695
3632	2727
1513	3551
1436	857
1060	283
3467	2939
629	196
2908	2919
1986	1452
2683	3446
1226	2195
2206	930
1424	448
1268	2894
520	3551
2749	2607
2266	3726
2204	1581
242	2486
1100	2224
2421	585
1346	3426
586	8
3186	1098
3757	1739
861	446
936	1430
711	1782
3323	2493
989	2303
2127	2147
2691	3286
2824	1138
3528	2075
15	2657
338	845
1531	569
2544	212
3406	2119
691	3488
242	2675
2066	2306
1972	1731
2856	1453
3727	1105
2403	2054
349	3267
3923	2059
2836	4006
3528	1323
3727	3932
2455	1418
3838	2802
3451	3256
3757	3484
1419	92
2471	1425
73	842
1693	3620
3232	3764
442	238
3155	3199
1302	3647
3186	3727
3156	1028
3015	2150
3020	1964
2421	2408
3615	913
498	3494
1654	1277
909	664
907	59
655	1229
3843	2474
1514	932
3972	472
2939	2916
1149	1752
1194	954
2873	2705
655	1863
3008	343
2273	2565
2479	396
2781	3176
3362	3955
3296	3698
3617	1540
689	144
4001	2837
2314	655
138	857
3406	318
65	1913
2498	3471
2558	2610
2096	3384
1157	2035
2103	2918
3484	3551
1490	1964
3887	272
2597	912
3547	3069
2626	638
2639	793
32	528
1310	3231
391	3607
2775	2557
1291	2020
585	681
896	176
2455	777
3288	3543
629	3551
1287	3510
1666	590
2549	328
3592	2173
3826	411
2468	168
3798	2998
853	4001
375	4080
972	2222
1587	238
2583	2179
1053	99
3566	11
2747	3598
2271	931
1641	2503
2476	3632
407	483
2632	2178
3248	3916
2163	149
1121	1017
1823	2457
2521	186
1058	3574
3324	3851
2421	583
442	2894
841	389
1301	4032
3803	1922
1880	2679
4006	943
655	645
1485	45
2659	1957
1601	2027
4001	1357
835	881
1536	4003
1405	3704
824	342
1622	2378
573	2303
1496	2567
1855	2832
349	1768
1289	1782
570	1635
27	373
2606	214
514	1074
320	4018
3349	3351
3059	2873
2760	3416
3052	1746
2337	2333
2584	2910
2920	1767
3948	3666
4003	1138
3356	2549
951	2721
320	618
3129	845
2639	4026
3010	2122
1791	2066
3158	290
1618	2644
2498	2190
2038	3968
1990	3331
1554	412
264	470
442	2945
366	2230
2593	3297
2522	3968
1128	2193
3651	1236
996	18
3119	118
896	841
3921	3371
2117	1260
1049	2324
1724	1362
345	2814
1208	3256
3998	2253
3891	2040
1360	154
1246	522
1360	2814
914	3393
2673	880
1864	1366
1088	3488
1646	1070
2330	2149
2920	15
1274	853
2727	2642
1514	117
2841	1232
2556	2537
1105	3931
1566	2860
2861	1646
3042	839
1483	118
629	1112
442	2721
989	1681
930	98
193	154
2161	3955
1791	1226
941	154
257	2343
4001	134
1078	2261
1652	3053
1721	2874
748	3182
2647	785
1441	3748
1301	2101
2175	1075
15	588
1561	674
3810	3921
1865	329
1565	655
2188	805
3167	3073
1809	1459
385	1350
3215	3849
962	1761
655	849
2273	3250
3186	3819
3323	177
2884	3753
2080	792
15	118
3320	191
3007	1722
3991	1851
655	1385
729	2079
1226	1960
3469	2521
3998	566
821	1820
941	2527
2917	1489
2973	257
267	127
2760	1891
442	338
727	910
809	1349
482	954
2544	705
1312	1483
2127	3019
1634	967
3494	4003
1512	2118
2314	713
270	32
2727	1166
1972	2532
3271	71
3224	1152
1320	1096
3838	3712
1490	2257
1788	3632
1505	2468
230	3804
2341	681
660	2721
268	935
1066	2817
1357	250
60	233
68	902
858	3342
290	3031
479	282
3615	3172
3999	2839
3007	2032
2549	1522
2749	1421
2403	3053
3998	3986
1649	2982
2183	745
2242	3217
4006	2006
1133	877
2607	2751
514	462
3427	2026
3388	2706
3737	406
2845	1919
1163	2823
1645	3338
1290	1348
3632	2198
95	3534
2376	2180
1531	3010
1344	1522
2939	1775
985	864
349	1457
1520	400
1632	2884
230	2288
759	36
1570	3494
3795	2352
3458	2277
1405	839
1290	1242
2099	2582
486	907
3186	3019
2528	2363
143	3241
1246	1075
3870	2026
1635	2145
512	1292
529	1165
2533	3571
1061	614
3074	1208
3151	3460
250	3551
1128	3200
15	2301
997	796
1021	1960
2092	2743
1909	2080
3163	1224
1834	2342
1505	1429
1598	15
1484	2886
180	980
2903	2932
1399	3168
1734	3323
3007	1689
2012	2913
3632	2094
2667	655
6	125
2714	3090
1292	2510
3099	240
15	3194
15	3755
1496	1815
3632	1483
2175	385
655	703
15	1114
3167	3229
3269	2625
776	1949
2082	3307
224	713
382	1399
1113	240
2297	1362
655	159
1337	1391
1098	2612
3546	3151
264	2751
642	139
3184	2953
1557	1808
4037	3698
3880	184
68	1147
1531	932
4006	3353
422	268
2087	954
2408	3134
3921	2721
1301	1664
2442	1414
257	3845
805	1942
900	907
836	2117
2760	1978
2849	3970
1699	3391
652	440
1919	2186
936	660
3226	3392
1429	1625
3494	3381
665	434
1877	2026
1716	1483
2664	3233
1625	3730
3615	2639
1553	2465
460	2375
1246	853
2080	363
332	1287
1421	907
3245	1511
288	3324
861	2559
3727	3231
2660	1647
617	2645
2998	2228
2709	335
729	626
1344	2585
230	806
3813	2877
1485	3494
2302	1821
1350	2659
1065	192
2638	2255
2861	1687
836	87
244	1689
349	1282
1606	478
590	157
2819	2713
512	2012
3866	1464
1977	3365
2183	3730
2018	2251
1	3272
531	425
1270	1120
3645	1912
512	1081
1485	1965
90	227
1876	1977
15	3710
3862	3872
1246	2521
2659	1964
320	351
1414	1664
3085	3083
3423	2083
3567	449
1053	1224
3849	3580
3689	3783
3214	2033
1142	2184
2727	2202
655	529
180	891
15	3614
3155	2912
1758	1863
2122	2520
1290	1562
1676	91
2851	1090
2517	1531
655	1781
1484	2538
540	1398
1988	3036
545	1242
1301	2073
137	516
3636	3526
1191	1866
389	3136
655	1560
2284	2469
1635	2862
2403	1304
2963	3981
2612	1398
2865	1794
541	774
1761	1052
3404	655
3762	244
422	751
2903	2420
1248	802
881	2721
979	1879
3465	3305
154	1949
2639	2640
861	1392
1629	4001
1635	2165
2926	1642
343	529
1066	842
3632	3649
1421	1732
2593	433
861	2556
2480	501
4072	1149
268	2810
655	1664
116	2730
2320	137
2476	2930
2334	3705
2117	1748
2552	2317
1485	399
561	1198
588	4001
2613	3728
855	3579
2276	1711
1357	1036
4054	2043
1320	1866
946	2024
2045	1700
90	593
3844	2417
2343	3955
3146	2045
1851	3433
3387	61
2607	932
3282	2390
3803	3748
1090	1175
3776	2288
2042	1754
1486	2766
3545	3874
912	3689
2774	3622
2135	2508
2280	3945
2736	3347
560	694
3119	285
1875	456
1769	1973
3677	2523
3652	1861
652	1295
2064	117
545	240
544	211
2597	824
3746	1226
4003	1612
1851	2791
2641	1857
1335	2425
3155	4050
1798	3689
15	3567
1618	3326
2452	3235
2054	3571
3645	3838
1772	3283
1602	1982
3178	2377
2749	962
936	2575
2639	211
1943	785
2267	1551
1876	1079
2975	977
2939	1251
1772	80
3020	1947
3887	3727
184	176
2421	1395
2343	4001
3808	1012
2235	2060
3456	3368
1295	3231
1301	3462
1855	2722
1291	3794
2747	2754
3987	2730
2574	1375
567	2858
2321	3264
584	494
2809	2032
929	189
652	2727
2539	2001
2372	1169
1314	1081
3925	1615
567	563
3136	3955
1934	3099
506	1391
1157	882
1216	1489
2392	1723
1286	3632
4001	426
3902	1941
2455	2093
2357	3062
1553	767
2356	962
3007	529
242	1320
896	4001
1919	3325
1348	240
1393	301
2639	380
2066	4052
3439	2985
3701	3551
1301	2050
731	3353
2898	1317
2064	3107
2776	3552
652	395
2593	302
917	786
2064	1322
3991	2791
2692	3343
545	1290
1239	2095
3172	3606
1688	2877
944	125
3553	3450
338	537
2464	2358
337	3167
2887	1406
1529	1467
947	65
1290	3323
442	4021
1945	3383
372	1106
3547	1922
2533	1496
1376	3551
4003	1357
3847	1469
338	217
609	2430
2666	2012
1505	287
2008	1822
937	1288
2473	1466
655	1827
2533	2403
3317	418
2797	864
1994	2017
3354	2033
655	2256
587	1486
1403	3808
2272	2670
86	2507
1830	410
694	3078
657	2874
3335	2263
2530	2436
900	2480
3546	3567
941	290
714	3241
3196	2009
1002	156
1395	477
1310	1093
3423	2250
3059	2747
2715	1899
1712	146
473	442
989	3553
1491	251
3064	2381
1178	1762
3462	2288
1631	2435
3764	2405
2887	1762
3690	1301
1314	12
244	724
1317	1691
3091	2261
3119	173
2392	3202
765	3887
595	2892
2421	1165
1733	2773
32	3902
4053	3669
1485	2522
385	1261
3884	3921
391	2803
3726	3938
480	490
2760	1306
4055	2566
2597	3280
93	2058
3643	3303
3539	2418
3998	3589
2758	1795
1088	3875
2392	3178
2645	1688
2872	1169
3645	3288
1128	2727
1721	552
3861	2566
1592	2445
2498	3961
219	1348
4003	1794
3332	3614
1363	1943
1160	2357
1458	1677
1301	1656
477	815
2664	1712
2622	2403
835	2197
95	1617
3889	1570
3004	3618
2177	1811
579	51
224	3544
473	1865
1570	1485
2730	2257
3645	3456
1632	2856
762	1301
2325	2380
3845	676
306	411
2547	2196
689	3048
3089	3271
3596	3175
1983	15
737	2122
2455	3073
2714	2547
590	839
1813	1801
2289	1478
2597	309
511	2994
3148	2907
314	633
2007	2114
2559	2566
436	1517
3680	1876
3998	1292
3420	2152
1782	225
1531	625
2692	1301
498	3230
317	954
419	682
3323	3462
1505	3238
1095	117
70	1453
1	1807
1516	3327
1128	2334
1283	1336
367	2439
2266	2318
1405	3626
2607	4008
2099	568
4001	2022
2309	2327
857	581
2521	94
1030	1762
3476	2968
2375	1848
3971	2994
1056	3593
132	4001
2162	2123
909	1178
2271	3196
2198	2423
745	2783
3092	1774
1758	3803
1645	3027
2130	2228
3819	3942
3302	1434
2451	2228
3611	3011
1505	1190
1081	2476
3166	2654
2256	3335
1287	4008
448	87
3856	1577
2266	839
343	457
151	3155
3801	2323
2135	1453
874	798
2135	2726
3529	1151
3772	2758
3921	2861
3055	886
3810	1153
930	3551
2505	1550
2375	2522
3213	1064
2271	749
2403	2308
193	1008
654	1984
4035	2548
2891	3297
707	47
1160	555
1637	3109
1358	1069
15	2503
1496	3675
473	1609
4018	2251
90	41
967	2094
3806	784
3323	3955
1635	4025
349	2615
2556	1375
1571	2671
857	263
2727	2549
3060	2349
1298	226
442	358
219	1077
655	528
1561	18
3927	3878
3059	2754
2556	1692
1645	2593
1453	3953
3810	3496
3323	962
3838	3140
3793	561
2659	1406
634	1228
2872	3497
835	780
2189	2101
111	645
3163	3297
2272	3701
2845	2370
2749	3955
835	1395
2560	941
1081	331
3727	2456
2204	1876
338	563
1141	3914
3768	3300
3614	1453
1547	1768
3632	553
3239	2980
1346	3632
3507	655
3015	2390
2018	1895
2828	3616
3528	3196
327	1249
1382	2803
2158	2952
2623	3638
74	590
1204	3689
3028	3366
892	1189
761	2866
3007	591
1753	2194
1646	3371
986	91
2170	456
3267	1487
1753	3275
2841	2936
327	930
2871	2454
1171	2605
2318	2278
2338	3984
3104	3918
247	839
655	2814
349	2841
1053	1666
677	280
1880	2612
1945	472
1165	3893
655	2907
1151	3351
2429	3551
3571	1304
1301	2912
3126	676
2403	2912
1777	201
1593	87
2768	342
514	1175
193	3199
343	2285
1514	1161
2666	3442
3405	4055
1955	2417
1192	3387
909	732
3872	1052
944	776
869	1213
1163	900
15	933
3166	1973
2584	1646
3179	1535
1573	1165
100	392
3302	3329
1531	64
1758	2593
586	3797
2927	3674
2096	2407
951	836
281	621
2627	2417
1283	1245
1891	218
1447	3362
2721	1585
4016	1509
1800	3159
264	15
3866	2192
3476	3227
1380	2912
2556	2565
1547	448
1040	2018
732	758
582	1729
3447	3968
2751	2675
861	1622
3327	3717
1302	2920
3632	2780
3239	2844
15	3902
662	664
3905	1044
1132	1918
385	1326
3865	719
861	1287
3957	3479
3484	2413
1377	439
1560	1496
3175	3955
3008	1922
3727	1879
2584	3897
1710	279
3332	1165
3006	3564
826	3551
2158	2907
394	1658
836	662
2812	2296
1484	2676
3075	3377
3429	3437
1706	1756
2544	3377
3372	2225
320	268
444	824
2256	3529
3705	2134
3786	1320
2644	2726
1556	3410
1185	3451
3165	1671
517	3422
2720	3053
3567	2913
972	3679
897	592
1514	4013
1268	3007
1610	50
470	1473
2572	433
2615	2019
2012	2730
3914	3955
418	1207
3517	989
2408	4046
2197	3447
1709	1688
913	2947
2064	2937
3910	3389
170	275
2530	3006
244	621
523	713
1789	2551
2836	1160
1891	1306
2770	1077
3007	834
413	3551
884	310
3024	3841
2272	1483
2038	2391
3306	3516
73	295
2403	1407
2612	558
3742	2296
3195	3974
3494	3600
1395	56
1405	1377
1042	476
1813	1251
1989	2913
2403	1496
3406	3870
3945	2832
3036	1369
989	1899
3319	1462
1770	1028
652	349
1694	459
1154	477
1099	2172
2189	2773
1947	3798
3210	987
3527	1843
529	1880
1496	1808
1794	1922
2997	2184
3007	3545
1063	2730
442	264
3460	2593
306	720
222	2480
164	352
2692	3873
3297	1451
655	2017
2068	3231
3200	1556
416	48
2249	907
2750	3196
2204	1128
2045	941
391	716
2719	2809
3196	1236
3269	3581
720	1262
3092	131
249	307
290	2263
3536	2832
2662	2062
770	3825
3880	2607
338	881
780	798
3341	1907
1730	340
783	441
746	1895
2204	512
3850	1521
2392	3634
2751	3425
561	989
15	2583
349	664
933	2730
381	13
1943	1323
3155	1165
2805	1150
629	495
364	1213
2018	2809
836	73
1129	3887
2066	2166
3727	2991
2556	2574
2075	2264
3406	1067
4001	1851
1230	2576
1291	2789
973	426
2421	3356
356	930
1947	3955
1871	2453
1019	214
3933	1759
1529	962
99	2860
946	156
1240	1391
2476	3366
244	2494
336	2915
975	4007
1891	2111
1716	1220
1088	3221
585	949
2064	2314
219	273
3948	962
512	1618
1275	1012
1074	338
2978	3378
15	2303
1145	187
1928	1453
1095	347
2084	2645
842	2606
960	2473
1226	3520
1934	3214
1891	564
3327	1138
3617	3559
2513	2239
1484	3471
1675	1673
3953	1313
1637	2956
391	1544
979	1263
1405	2100
2203	1809
3619	2926
2272	1430
3156	4026
1226	61
1377	2225
15	3458
4001	3955
3093	2303
3623	3551
2189	1733
2633	2860
2149	2095
2989	3053
2388	1746
782	1159
1122	2454
3298	309
1345	159
916	1032
4042	2844
3299	1589
2377	1871
4000	3295
1314	1577
1728	4003
484	984
220	223
246	214
477	144
841	501
1103	2832
1611	1002
1324	970
842	2817
3605	2883
3282	3764
1431	34
329	176
1919	3551
3407	1287
2749	932
407	585
3626	1398
349	625
1128	1768
2797	3114
3880	392
385	3955
1178	452
1741	266
536	1900
1274	2197
1089	2491
1077	273
1945	2788
1557	1774
1662	1252
1645	3380
242	2121
794	3829
1429	569
947	32
288	3804
3727	3156
737	338
3503	279
2721	1021
1345	329
1484	3016
1566	835
2706	268
4002	2677
867	506
2340	3053
1864	1063
1916	1383
1563	400
835	845
394	1023
2375	3811
3727	4054
1570	2041
3727	3763
857	12
1631	2072
3239	3314
2177	2966
1278	3638
2530	3895
3791	3278
3948	1350
3210	1605
2099	3986
264	2522
1891	2602
2593	2537
1141	3557
473	563
2232	2285
343	3343
3837	1887
2664	187
2722	475
1249	262
2421	953
2729	1176
2080	3608
32	3043
1171	1521
1027	3855
1301	607
218	2500
2612	553
2836	2558
802	3734
474	890
3859	1759
1320	3986
2760	3482
2051	655
1968	1558
1545	2228
2189	2391
2876	848
3406	2082
972	3685
2266	3567
1784	1176
3404	2745
1895	1729
2856	3127
1077	1280
3323	3004
2455	1523
208	585
2303	1899
691	1412
700	690
2801	1667
3682	784
3581	1466
1081	588
3772	3070
2018	4001
1290	1301
3745	3038
2038	3136
2979	3685
1862	3619
3296	1026
1833	940
244	1927
3632	2034
1100	1919
3175	1394
3880	3647
3116	972
3810	2375
1562	672
1168	633
1099	2586
2654	2780
1128	277
1151	944
499	287
655	527
1387	1823
1244	240
1230	936
2530	2688
3101	989
3332	2189
433	1106
4043	1227
551	2098
2175	3717
2561	2376
1303	2028
286	3158
2117	3640
3697	924
1496	1176
1663	2498
2883	3587
4057	296
3396	1540
2273	933
3571	2769
4001	2419
208	3868
3489	1363
2876	3972
2109	3188
2751	3107
2160	1564
2094	2673
3870	3282
1484	2631
2539	2676
2907	3437
2619	1842
3447	2251
3666	1820
90	1498
183	3551
1992	2730
2751	2121
2481	2701
3129	349
448	1485
2197	1021
1487	1136
136	1416
2954	1210
3862	3861
3478	1629
2815	2754
929	3469
2768	15
1081	12
3451	1195
2607	2375
3830	1171
1095	3494
442	1483
2717	2251
2204	2951
363	944
1552	645
2103	2654
912	1954
3444	418
3607	1290
2639	1653
3026	694
269	3999
498	4001
1378	1295
391	90
564	273
3438	3323
1357	1225
2418	3975
621	2698
391	881
3948	1947
2717	962
883	2006
924	2056
2013	3545
909	726
3412	2962
2204	1484
3104	3843
1198	2296
15	3564
249	414
685	59
1292	1922
3440	1382
2209	3789
3529	2191
2661	2453
3880	2732
234	629
1302	349
1586	3471
836	2792
681	132
1020	77
99	2622
1348	2460
1829	1567
3862	2574
2232	522
90	1356
941	839
1433	758
3107	2557
3141	795
1301	3380
3147	2911
2555	3365
2113	428
2064	2718
385	1093
3406	1821
95	2264
572	3948
3700	1725
259	304
1185	3911
1301	1351
2562	3494
3323	3928
71	1729
672	495
385	1922
1163	391
418	776
391	73
3959	3927
349	1421
3073	291
685	2817
2721	2885
567	470
2072	2683
1529	559
1098	3397
769	3359
3518	1626
661	389
15	677
1553	2961
3007	4054
4035	3233
3323	3381
3682	3552
2147	3314
782	3265
1306	2694
2720	3571
3575	1754
2757	3837
95	1427
3439	3569
1095	2979
773	772
603	655
3608	718
2857	3543
3869	1820
3167	2905
553	295
941	2359
246	879
2639	965
379	832
3426	2352
786	2797
2273	3862
3210	2771
661	662
186	149
2912	1771
1159	3249
951	68
1516	2326
391	2861
1345	156
3177	2711
1569	898
652	3778
1531	498
2717	1570
2202	1771
2476	1976
343	713
327	213
442	1165
1865	1292
3948	2511
418	211
3323	677
3342	437
1306	2817
3462	1105
2717	3701
1485	424
1163	1024
287	1143
223	3647
661	32
1536	2588
3296	1752
2934	3970
3640	1576
3206	1042
997	1199
655	3367
586	231
2023	1361
15	3175
448	214
1301	1176
1165	1287
199	85
2861	341
839	1473
376	286
2264	2098
3189	1929
3449	3196
1301	4058
2620	906
2101	2018
2059	1919
1949	225
538	1773
2641	2623
1164	401
240	273
2727	1496
3652	1860
1488	1570
3478	3333
1117	1940
2392	1759
2489	3434
1322	3919
2530	2468
1301	1043
2949	2415
264	90
3713	2437
3073	231
259	396
2863	1666
1081	343
2572	3872
1484	3155
2067	1988
2289	443
1622	286
3233	1094
941	2441
1498	2682
655	3666
3709	2135
104	953
1488	3327
884	754
553	720
2288	2896
473	3671
386	97
3008	3997
836	926
2937	2601
1950	1621
2586	144
3144	2852
585	1242
357	1242
2760	625
180	764
1048	232
1272	1257
642	92
1832	3685
686	310
3564	989
3641	3940
3323	1866
1204	2152
1751	1560
2481	2074
1784	4026
3626	1339
3943	3525
3645	3712
141	1055
1545	3736
3727	438
655	1236
896	59
1103	2418
2641	1278
2989	2907
3972	1161
957	611
3323	2842
3849	3006
682	791
3714	3138
655	2340
1049	2322
1350	1138
3393	3622
1282	368
3682	2669
2015	3702
3710	1186
1419	957
2137	1128
3709	2005
2881	2038
3810	1176
625	1883
3144	3480
493	1017
1490	2659
1986	1187
514	1243
4075	314
3555	1970
3007	1847
166	15
338	176
3234	2340
15	3425
1533	3533
2072	2435
3817	3900
3363	1949
909	2286
836	58
2876	2990
2789	1465
2196	1340
1598	1646
1503	2054
1090	1917
3405	1430
3682	3486
314	2031
2659	4003
4041	3566
1529	1165
1490	3887
2091	2178
1444	1656
448	842
84	627
4034	3439
1019	881
3488	2226
2706	2502
2729	2595
2556	2593
2691	3468
2444	3800
2589	1026
477	2727
655	3479
1182	214
442	564
2340	2283
349	3494
219	1028
2189	343
1616	2839
1770	563
2008	2331
655	3796
1054	15
301	87
3810	553
746	1552
3775	2121
746	694
1866	3490
2659	2663
71	30
3307	3986
58	176
2082	3483
2558	3010
1302	166
3846	689
3645	2288
2997	1236
972	3263
3672	2912
1184	2453
1403	1012
1107	124
4025	3136
727	625
1875	4008
2768	2588
1871	2986
277	140
3494	1861
4047	2848
2749	2452
655	735
655	3026
385	936
4003	250
643	125
2318	1017
1677	2337
3122	2352
2768	4033
1295	1915
15	3358
15	1356
1824	116
2607	834
1666	470
1559	58
3686	3658
3551	3871
180	698
147	1373
2385	1966
473	2578
2612	2174
1081	1123
2117	3956
2260	1470
230	3343
1901	2149
3921	2514
293	1538
3601	2370
3839	3879
3810	4078
3959	2107
3323	784
2375	1729
1351	3140
1129	1644
2666	2408
2375	1960
1699	3964
1453	2914
2186	2370
3356	3593
1026	3698
3863	754
3288	624
3148	2729
655	792
319	3571
655	378
4054	1394
1095	655
343	1866
871	2559
1429	338
3272	1807
960	2913
290	1841
3764	4025
3323	3795
1713	2054
1888	1861
387	1729
2045	2303
3872	2833
275	87
1044	3551
3323	630
4076	1594
2588	3856
2651	989
3889	3136
510	513
1591	111
2266	2100
15	1798
15	1614
852	1492
230	2530
603	446
3915	3930
3036	3457
3619	1502
3284	1402
2958	2191
2989	2769
1080	1019
3121	2944
2316	1956
522	3993
1057	3285
2953	2853
2080	2549
1278	3854
644	655
2741	2097
1223	3090
3665	862
3101	1809
1547	462
2897	1021
1129	1161
3608	1330
2612	1845
1088	3523
655	3763
1463	2465
1341	4078
2612	2353
2202	2654
3453	941
1923	3467
1646	2119
3999	3707
2562	2033
1268	1131
2203	3093
4006	2607
857	2469
3887	3675
2392	3791
193	944
4012	1591
389	2480
3880	1012
2117	2094
2721	273
3726	2780
1309	1895
2156	3069
460	2522
2521	3639
2533	1161
1556	2288
1053	977
486	59
391	1309
4035	2877
1484	2607
2793	3887
3050	3803
949	1895
3645	3597
876	47
1553	1978
1484	1490
2196	3551
2899	3402
1025	3551
2224	1919
1692	2730
835	42
1019	392
2000	1651
2623	2964
488	1474
2027	2588
1977	1415
15	2073
2198	2195
964	2860
4	793
2093	2797
2252	29
2045	2338
391	917
660	839
341	569
2232	912
2314	523
3880	3145
2075	1453
1301	783
1111	1773
3777	2428
222	1552
2080	3317
3747	2254
3896	3080
2849	2225
2000	1620
2421	1219
1302	2321
3210	3107
3382	1888
22	860
975	883
3288	3297
1274	977
1729	932
3007	2370
3645	308
3849	1284
3008	157
1074	392
2471	2467
1909	3803
941	3363
1570	3288
2904	629
2061	2130
702	1243
2134	2150
4012	521
3752	1496
3167	3961
1529	2773
1365	651
2978	3187
3215	2253
3759	3366
522	3689
655	3120
2593	3813
3118	478
2237	3820
2655	2095
2727	2876
477	900
2741	2742
2175	2512
311	279
857	288
349	1581
672	255
2717	1529
1141	1722
655	1391
3388	512
740	1126
4020	2678
655	608
857	2480
3581	2820
1757	2959
1225	1287
83	697
2064	3064
3601	1483
2497	1674
2609	1296
2965	2961
3607	475
1053	814
3007	1250
2109	2218
2749	522
681	2494
1530	958
1610	907
338	4001
1226	3120
1128	662
1934	3337
2453	3314
220	656
898	3848
2541	2327
4076	2571
927	2727
1178	637
2421	545
3957	721
1639	384
1758	1081
2055	4013
666	1592
4068	1589
1613	2549
3432	3436
3804	2505
2593	1375
1075	3935
3099	1070
1488	2054
219	559
2731	3538
1729	1922
244	510
2597	2076
1343	980
3647	2545
3518	1700
538	877
1618	834
1063	2788
2717	1722
2908	2834
1067	3708
2749	2643
2749	419
1075	2288
1301	3460
1310	1357
336	722
883	731
268	2585
2963	3184
2094	3727
244	2172
2721	295
933	1653
1646	3337
3826	2341
1203	400
2687	2814
1868	3577
1927	1273
1342	4056
1219	159
512	3551
1931	2860
552	970
1364	960
1529	2658
904	307
1018	400
326	3551
2064	1338
333	225
1302	2707
1074	585
1523	3114
1088	2289
3258	300
1496	3565
1119	775
3593	1567
3726	3314
343	3887
3948	2533
824	834
1897	470
3129	1866
1676	864
1070	2514
1922	209
3880	2391
2730	2788
3406	3282
2364	15
3483	3354
2126	3323
951	64
338	1242
3154	1841
1954	309
1919	3309
4006	883
58	567
2364	525
477	418
655	621
3672	2179
2	802
2559	1052
2981	1481
3494	3587
3406	3371
3020	1810
3607	1190
1178	662
989	944
1103	15
349	3617
2833	2347
1547	702
2588	240
1253	3366
3866	3632
1282	3913
3708	4054
3113	3504
1141	1433
15	2257
655	371
2372	4027
3447	2598
562	1505
3166	2928
326	2117
204	15
2191	2263
655	2226
15	2271
776	2263
486	841
959	2575
3267	1355
2273	2063
349	3803
3943	192
15	3813
881	3316
3948	1794
1973	441
2027	450
652	3880
3007	2161
4001	2108
1288	383
1256	3187
1841	2184
1758	1825
2366	238
1183	2730
3405	1716
1178	1782
511	216
3887	2730
2375	664
1080	567
509	2494
1484	2219
3948	2198
505	3343
655	70
3551	1942
1205	135
578	1270
655	2283
166	470
416	1849
2279	196
3641	3530
1625	2327
2175	1301
741	180
1405	1081
1330	1336
3706	1279
3323	3969
1484	470
514	436
2134	3131
2884	113
1768	569
3948	529
1306	4001
1531	392
835	2357
1594	3869
2993	2434
298	563
473	3008
832	3748
1506	241
3737	2256
3175	1973
391	664
1356	107
655	263
407	21
2667	2397
3302	2610
854	80
1490	349
3710	935
1908	659
1230	660
3921	3261
2512	1810
3494	1888
1306	2512
3036	255
1322	3986
765	176
2863	1796
306	693
1488	512
896	2480
3323	3875
2213	1821
3163	2703
1384	2576
586	594
707	3955
342	1732
1934	1382
358	1625
503	2492
1972	3869
3985	798
3664	3882
488	2958
2459	2413
87	3629
2597	857
365	930
2246	950
2957	2746
2175	932
2550	2143
360	1295
2727	2631
1605	2997
3806	176
2045	18
782	1372
1160	2570
626	1295
909	3416
655	1483
4042	2510
2533	1729
512	2521
2659	2730
2320	12
661	244
522	912
1490	3186
666	1094
3645	3857
3617	2062
3491	1025
338	2147
1292	2844
1484	1560
1178	881
4069	1688
1635	2913
499	1143
2008	2655
2732	2525
3619	655
3957	3050
1097	1326
247	394
2723	3440
759	682
2657	3708
7	944
477	909
2572	1956
2164	2045
509	907
2639	1202
1163	1079
874	199
3320	3227
32	45
1784	2266
1496	3048
1876	703
2238	2585
3517	2634
3645	1351
3906	3901
3664	3628
1553	2072
2423	2195
385	470
2989	2790
896	907
3054	1530
1625	685
567	2721
36	563
1365	1335
1896	2462
1185	1828
3315	1083
663	90
385	2375
1128	664
3360	229
1297	241
2455	3848
2609	2633
3632	2189
826	910
1541	883
2221	1380
1573	2048
2961	2410
938	1779
1988	1226
3849	1736
1876	3175
3469	4018
2118	1039
2272	2271
3327	3381
3887	2659
3574	4032
3504	3351
2117	3632
3682	3813
15	1754
3611	2040
1497	1453
947	673
1297	368
670	2585
2378	378
1610	501
2166	3126
2776	1301
3119	1009
1301	3230
3810	3717
32	4001
3119	1746
1757	1759
8	2015
3214	3350
874	1046
1999	111
2572	2565
1429	585
1128	1570
3337	2033
655	4
1011	2726
1453	3654
636	1820
2881	3323
2639	3453
1040	240
3792	3720
217	658
1302	15
1809	2303
3258	1560
1301	1989
3157	935
3956	2285
759	1853
1716	2326
1306	797
449	1919
1791	1079
3813	3946
3703	1667
1425	3483
1653	733
1608	2113
1309	659
690	1936
2997	3351
4015	3603
238	1101
301	159
1015	2986
1348	547
1783	1083
2590	1301
3453	1385
3162	608
1057	2020
2553	2318
835	1080
1560	3571
2768	264
1129	3136
753	1820
343	932
1545	2392
861	723
264	3727
3810	3282
230	1650
672	457
3971	1021
4055	871
1583	1062
171	249
385	250
2768	3507
2930	3030
1191	1773
3689	2127
2064	2080
2593	4059
1192	567
2498	784
3834	3880
385	309
3059	2703
1587	1021
845	457
3571	1808
15	3955
2476	3028
2544	1835
1770	788
4001	3000
2593	2566
3671	2545
2954	1134
1053	301
1348	180
1887	3551
853	64
780	1365
977	2735
2618	3935
1896	828
489	588
939	2545
279	1299
1663	15
98	659
3681	3678
230	3155
462	879
2421	470
3369	1017
3254	2353
1949	2026
2559	118
2209	2066
1497	989
2116	2574
286	2169
1977	3955
1484	3955
3226	457
1007	1243
3406	2907
823	15
4048	1801
1775	2292
1309	3494
1902	347
835	436
2318	2198
3008	2521
977	1224
1458	2023
1040	839
1464	1160
773	428
3547	1742
3523	1138
861	2217
2603	908
349	175
1103	2903
15	2624
15	3230
3288	2180
1738	2781
1866	2468
1570	1275
741	754
2623	3854
138	1310
2099	14
1346	1301
2330	2331
2583	3722
1977	3651
2666	2980
349	1729
2213	880
2392	2713
1907	1841
2749	3426
1190	3551
1059	1014
3323	2552
1272	2690
3902	3604
3371	3972
3327	1581
2749	3914
1876	2429
3826	1888
2045	1124
264	1749
205	1209
3810	3483
442	2913
1529	3225
3742	3587
1287	2670
3640	26
1972	3165
1934	1646
2049	718
3107	3587
1498	3107
349	834
3484	39
1516	1716
3179	2021
1290	2913
470	505
2937	223
2268	3978
679	315
3946	2877
731	2006
4055	3861
874	2591
1666	1796
869	1412
3323	707
1345	58
1256	3706
2978	1736
2149	1122
2659	1591
3155	3323
545	585
1405	1128
1113	2861
177	3115
343	1729
878	2997
1287	755
2565	433
1841	3351
2671	2400
857	157
857	2405
1991	2357
1296	1397
385	3988
1111	493
286	993
2147	1808
1531	144
327	1348
1099	352
3884	662
1610	59
327	811
1255	2582
2385	1105
1988	3064
529	2912
1365	1173
2087	16
2065	1832
1484	3672
1225	664
1605	2718
3179	3365
320	2829
948	2666
3129	3494
3302	2122
358	1572
1117	3568
892	355
2204	3008
2273	2573
4006	387
1127	817
3810	1250
356	3758
244	2607
896	732
1284	1736
1226	3147
1496	3767
2636	3699
217	537
2828	3688
822	730
2482	1832
2703	2290
1916	3092
1204	2889
1484	2533
3190	1173
717	3551
2999	2390
3872	2559
448	2695
2503	353
3380	2453
481	1326
2549	3571
2213	149
3612	3802
90	98
655	513
2105	1938
1780	405
3996	3426
3073	1453
2280	3851
1046	509
1662	2915
3010	3968
1947	1181
1488	913
2392	3684
15	3651
2993	3853
244	1879
1301	139
3569	123
3075	2166
1128	510
219	240
2273	2537
565	977
3315	1783
1552	907
3093	3967
313	249
2477	594
3277	992
874	791
1549	2494
2221	1643
1178	1732
15	3156
2517	2692
1013	809
2742	2097
2093	3848
1166	3162
348	1287
3944	1885
2563	2574
2727	1816
655	664
1672	3138
3447	962
331	86
1660	2652
3959	1226
527	917
1793	150
1586	3178
1770	240
3131	3205
655	457
511	1506
287	3446
996	3195
3319	2632
3632	2091
1066	1374
2751	104
655	472
166	3845
290	225
2375	2751
2372	2872
2549	3160
3350	2033
513	2661
486	389
987	3780
3234	3319
929	592
498	2669
264	849
928	1368
2992	3898
2490	1523
12	144
924	1000
2776	1128
2580	3672
3990	3237
2555	364
4017	2228
494	849
4006	3889
655	1621
256	1144
3535	3551
836	1019
1813	1615
679	944
3887	3020
4001	3910
298	567
297	728
1484	2722
1141	2104
609	1097
3861	1375
2273	2556
149	1423
1562	3428
3742	1876
3607	2659
3423	985
811	3551
2931	3910
2955	1629
1393	87
32	1356
2042	3200
4042	2579
1722	272
1081	4001
2163	3551
2660	3086
2318	2195
1741	1021
1741	2296
2533	3053
2542	757
3099	1646
655	2642
1301	3600
894	1859
1294	3168
2285	309
2709	771
3408	3451
2589	3296
887	3551
3889	1572
1529	1977
655	1055
1322	1315
1970	1971
1898	290
3243	3945
2709	2727
685	907
3725	311
1099	3428
2364	567
3288	2891
3376	3782
1345	559
2179	3767
157	2817
3904	3639
3264	3019
406	478
3488	488
1341	3962
2794	2566
977	3583
2224	531
1736	3378
4003	346
2403	3962
3479	3196
4027	1169
2046	242
2659	1947
245	3323
2693	2545
1306	1161
702	247
2886	2821
1486	3698
15	1075
1160	1192
779	111
1484	475
1128	3411
1711	2477
1553	2696
1350	3323
2768	240
1943	17
2709	684
2134	3903
706	867
391	1820
1618	32
2937	220
2607	3020
3153	2090
3155	3571
3912	3977
2749	2161
220	2072
4058	3040
4055	2575
686	659
15	1997
3671	3735
1298	1122
343	505
3972	3053
1230	198
219	585
2597	2013
3399	3439
1570	662
835	98
655	3931
3619	1192
4038	4061
1616	625
896	509
1663	3518
2751	3618
3215	4006
1484	2343
329	913
3363	776
1547	2299
3285	2020
1224	470
1531	836
1263	2786
1314	196
3332	853
2429	1981
4001	3136
3155	2720
3001	1175
874	738
2583	1453
281	3107
655	173
58	1748
1084	2357
1787	4038
1350	3640
655	475
1959	3318
3059	3949
3671	3655
2455	935
2204	3049
4043	864
655	3737
4056	3098
1732	2041
1625	1572
504	726
1973	2928
2000	1711
407	149
2749	3166
1178	3043
1556	3019
897	392
1758	3382
3334	655
1301	4054
2593	2559
1204	3420
3175	2804
1865	1577
2392	3989
2746	3944
1301	3239
1797	1871
1348	2721
3186	664
2817	1930
3209	1736
1934	1435
2908	3318
242	505
205	1438
933	1167
2095	2454
3998	3788
1133	578
418	241
2840	3413
166	3682
1797	817
5	1030
1303	2902
8	1949
174	2993
3809	2118
3297	118
3006	2740
897	2540
524	1365
1246	1377
4001	3207
3476	1597
392	2606
3739	2342
655	1188
639	39
842	214
977	3297
3402	3473
3860	3523
3742	3682
407	1213
1266	272
1485	1947
3709	969
3608	3285
835	853
570	1506
514	1007
1919	2140
391	1120
900	888
220	1514
216	243
3719	2062
2638	2810
2014	3225
2736	478
60	766
2644	1495
1345	3632
1496	1650
3180	1032
216	1142
1505	3093
167	576
1566	2633
2080	2106
713	301
840	849
2844	3748
912	2082
3028	543
3261	32
220	250
2750	2535
1038	1518
1865	2639
2305	1820
836	972
3632	977
2641	1726
1645	2913
3406	2105
3020	2456
2749	2341
1143	3446
1081	247
2687	15
2639	513
3576	1781
3607	2468
2468	1708
2860	3103
963	655
3258	2912
1102	1575
1446	844
3529	815
3401	574
567	664
3445	3062
2533	90
2137	1080
3834	1398
1529	3902
479	2519
577	44
219	996
587	2148
1185	1795
15	76
2197	15
682	4001
408	1328
2197	1074
2684	2938
3691	944
138	252
2134	2522
2992	91
2530	3708
338	839
1326	839
1661	1362
3185	772
585	341
90	268
176	563
2073	2257
3535	3453
2666	3239
391	1934
2664	3676
1081	362
1430	2326
3660	2962
3585	2080
587	1219
1516	2612
3369	510
3327	4003
2767	1507
70	1815
2887	1014
1444	1465
257	1226
3701	2862
1758	3381
2899	3163
1668	281
2022	2138
1176	3618
2692	3479
3649	1871
3186	2147
3306	4003
3948	1880
338	2320
1635	2457
3007	3945
941	2914
559	1165
4076	253
2273	2343
1764	2386
3793	230
1226	117
1969	3231
790	3352
3620	4062
3196	1878
3826	15
2498	1094
1484	442
3957	3523
857	672
2749	1983
1609	338
2117	664
4026	3722
835	2320
2726	3708
3323	3230
2733	478
244	272
1191	637
349	1454
870	1966
2080	2054
3727	478
2134	3233
944	531
3642	1864
1161	1407
3036	2793
2392	2627
1301	3955
842	1174
2266	1165
1596	3323
264	3685
3587	3708
855	3580
3921	1646
661	3129
1405	250
655	551
493	758
1103	3491
1570	3258
2103	277
1357	315
3147	2809
947	2224
634	4076
1089	547
661	1128
2012	3610
2064	1347
776	1202
3484	3162
1341	2054
349	1165
3206	3426
2720	3535
1027	3124
1785	888
1573	1194
2455	840
338	672
311	495
2794	2574
845	65
1514	2432
2607	4069
834	1644
1601	2209
3232	3282
1984	3240
372	105
2318	2423
1602	2230
3817	3108
2197	1977
2639	1371
1342	4017
560	3551
349	457
655	1786
936	2576
2767	2100
633	290
2216	299
1344	418
1075	3817
298	1736
180	1096
1934	1687
859	2966
2749	3438
3810	1924
1473	3947
882	2803
1226	662
785	1323
1598	760
2845	3551
407	644
682	176
1862	1128
1053	3956
4001	2038
90	3543
15	3947
3089	2131
366	3551
3887	3667
3311	3219
909	569
1350	2285
2779	1078
923	636
3085	2605
770	677
883	4007
473	361
234	792
1302	3682
3406	1435
655	474
1484	2912
2939	1813
2716	3033
512	3904
668	571
3603	2184
655	46
2008	1901
2343	1570
3010	3032
337	476
3387	3017
600	1453
1837	1112
1663	3236
3921	662
32	1762
385	3956
615	3551
2448	3616
951	780
2187	2040
1663	1715
2045	15
3706	855
655	2712
1516	3726
2232	2127
2749	1964
835	739
3332	3880
2280	3327
75	141
1758	1761
177	1585
2375	3136
3705	1275
1465	3419
3605	3704
1345	2117
2709	1515
1529	3667
32	1178
2657	3314
3619	2590
1484	1761
861	4055
32	255
48	1849
3155	1587
2012	3136
2172	456
1128	1081
522	3849
498	15
102	950
2008	2095
655	1964
23	792
3523	3805
3475	304
3008	839
2873	977
3826	2018
2313	2830
2054	3162
2727	3529
3803	154
1172	3847
286	730
1970	582
1666	3455
1322	705
2314	643
2644	2108
349	977
3408	1655
1311	508
141	60
2247	3551
861	936
2018	1176
2770	3685
835	3811
15	1435
1362	2700
1784	3647
1301	1178
3007	839
3174	1157
2343	15
1876	839
3350	1687
655	3922
3609	3517
638	225
1676	2455
1567	2587
462	448
2997	290
219	1793
1832	3037
2037	713
3566	3751
1484	2069
972	996
2597	4080
3484	1560
349	2108
2166	3789
3123	2687
2099	2209
896	392
2767	1669
2204	2288
1976	3754
391	4073
4038	3304
3607	2722
2209	2166
1373	312
1278	2652
327	15
1311	3890
3569	3273
2122	3968
1050	197
652	457
2958	2676
912	2285
924	1677
1301	491
3585	4024
2189	1650
3488	3470
835	1248
1306	2606
1268	196
1911	2288
2080	290
462	873
3346	1832
2256	792
2935	2022
972	3709
3640	2845
1802	2786
3665	3958
1711	2264
861	433
2141	2018
375	3809
2671	1863
694	1138
567	87
868	648
1405	2375
2200	2011
2583	2413
1244	651
2197	166
3007	3795
15	2463
449	505
3727	377
2366	731
349	2320
2782	839
786	864
861	166
3948	2391
2183	690
1778	3202
3633	3559
15	944
2478	1809
3797	1206
3752	2583
2931	1600
2366	883
587	3993
2959	3127
2097	1394
2912	1357
1049	1092
3091	1821
264	1951
1169	3812
1547	214
1099	3264
659	1388
2639	290
224	1436
3059	2802
2639	125
652	2863
1556	1021
1346	3007
2362	3766
1716	980
2117	343
3727	1394
3323	2235
1430	2912
2659	664
442	522
3258	3157
3026	3678
199	1782
2659	531
2607	2456
349	2043
861	3151
3862	1375
2900	3873
1344	3026
3332	3006
104	3472
3645	187
2388	2167
244	645
1421	2347
2273	2574
1650	1540
484	2045
912	309
896	90
1480	126
1947	4054
442	1378
196	2736
4042	1556
829	1063
15	1796
967	15
3838	3959
36	1451
529	1131
2561	87
394	59
2476	2503
1631	2683
4009	3876
2080	3803
1025	3992
3971	53
900	45
881	788
2134	3764
316	1714
1246	2967
2840	2802
3117	2369
941	4026
1302	1794
689	2412
655	1839
909	660
655	192
1484	3442
655	1782
4021	1725
3880	3494
15	2239
2468	1394
511	125
391	1244
405	3907
2204	2197
1505	1842
3451	2880
375	2118
1381	3593
2028	864
1489	2986
941	225
1344	2245
1758	2360
1412	3298
1934	3483
585	1173
1242	839
1758	972
3526	3218
972	15
3007	3910
343	2032
2480	3418
989	1524
888	1280
306	553
2518	2718
1950	3449
391	1348
1880	3873
2408	392
287	575
3494	2659
3298	2614
244	104
972	3640
2372	1818
829	1299
2522	3136
949	132
12	531
2027	2216
219	341
336	604
2217	2574
1021	3120
349	2101
930	1003
488	2632
3945	1584
3524	3453
625	724
2656	855
205	4009
1770	442
3174	3671
652	872
2749	3774
385	1225
567	1055
2666	3166
2749	2768
841	2249
2750	2549
1522	3529
3284	3768
3052	4054
3773	2203
3742	222
3810	3937
878	1125
3151	2288
2202	1572
2378	91
532	2777
1836	917
1978	2696
1774	131
1081	15
3826	1165
2512	2643
65	45
1395	1097
2206	2263
3760	2094
240	1231
166	343
2664	3898
3362	2296
264	1183
655	2727
3637	200
707	1821
2721	583
1095	519
2070	3533
822	3031
3603	2263
2920	2666
1631	2465
1005	51
3727	3208
2559	2217
159	953
244	1030
1129	3494
3838	1351
3167	2455
3327	1193
511	339
2137	247
79	111
407	3551
3562	2901
1348	4012
2909	2890
2813	2005
1625	2739
1484	2989
169	225
2273	2753
2749	3632
1106	728
652	1191
2768	3506
3317	63
4052	676
3327	839
631	230
3705	694
1192	803
1021	3647
3792	3878
2414	1840
2080	63
2614	2928
1229	1958
2075	1662
1081	655
3465	1208
1496	1925
951	1532
3843	2872
1488	3840
3193	2809
2934	2314
1788	2935
1484	166
999	2566
98	144
2315	1021
2607	1357
572	655
2189	962
764	34
524	953
1163	2682
1458	442
3219	3294
314	136
15	3808
3651	2348
976	3811
15	250
1135	1194
477	2697
655	240
1160	2251
985	3073
2706	3887
356	2642
349	2988
1390	2303
2622	663
433	278
3233	3471
2706	328
2556	4055
2012	2091
136	3721
559	3230
3284	3466
655	1235
3146	3170
477	2040
975	731
4003	941
2563	4055
3846	3962
2156	3892
924	1263
334	1031
1040	529
329	3632
3484	1385
2682	3771
1128	132
2793	3484
1602	2541
338	457
2158	2482
15	1899
2080	2126
1573	1012
2372	3899
2135	3343
3034	3310
1405	2980
89	2007
2565	2833
1609	1022
2259	2477
16	2642
2776	1666
1871	4054
2561	1895
15	4018
869	3986
977	3562
3382	932
732	124
391	1646
473	2012
2137	327
3406	1646
3382	2832
442	76
900	841
2907	2062
935	1280
3399	2860
3437	2485
2651	15
1178	1508
2495	2584
1531	87
3494	272
2861	318
95	2384
662	1732
477	1782
3640	2913
180	162
1074	839
2849	3824
1999	1440
3921	2321
84	442
4001	2223
625	2683
655	102
3742	3680
2189	1573
244	1178
2572	4055
1561	2375
567	301
824	621
3406	1335
2802	442
230	33
2676	2818
2666	3538
3810	3026
1259	1406
176	3136
1541	1073
3258	3195
996	3323
306	1160
3007	3494
2411	2030
2176	3320
15	470
3271	528
3317	776
1875	4003
1395	448
603	2057
1178	2427
1186	935
3862	2559
2852	3774
1595	2091
2633	3103
488	2178
3598	2754
1022	3551
2189	2511
654	763
3792	3927
1490	3323
3258	3710
1709	942
3109	3063
171	428
343	1418
1770	857
1484	2907
1989	3494
2304	2559
2185	343
1967	935
3870	3494
1095	2035
2549	1762
3377	2166
364	1544
512	3323
2730	3566
3632	1653
1842	966
2533	2631
1586	1082
58	2115
3151	2006
2309	1773
3846	2403
2840	3645
2717	2038
2978	1279
1827	3551
683	124
680	837
835	553
3704	2883
2940	1897
3370	774
3371	2179
972	2607
715	322
1591	145
1430	1993
2421	1074
2467	3562
2175	1055
15	968
2134	3640
173	2264
3483	1435
2794	871
1356	144
2261	3231
2731	1033
2095	1122
509	516
3030	2540
1360	290
913	12
1601	2733
503	2695
3427	102
4017	2713
349	839
2146	3231
3653	3407
3168	185
2594	3898
1290	1178
385	1356
15	2986
1081	839
2403	1729
1484	1997
1287	839
972	939
3001	2623
1141	2695
3155	1407
2063	2794
1906	2258
3407	3593
3218	3242
914	1158
1530	2030
2403	3571
1490	1183
1540	3722
208	242
1765	2730
1128	457
389	907
2394	22
2482	69
473	1292
2478	3444
3948	655
3652	334
3491	3381
3305	3070
2295	2661
4030	3686
32	621
4003	4025
780	1410
595	3904
655	2018
2597	58
1484	2164
618	2787
941	4054
944	2378
219	1758
514	789
845	181
989	333
1531	976
1627	655
465	1242
3139	3188
2256	3803
3143	3052
3456	3288
3749	1813
2533	2375
2863	1407
1180	781
1302	2252
3061	3876
3007	3437
442	64
666	1607
3498	1743
24	593
924	978
2046	2486
1908	310
2530	1825
1178	65
2863	3130
3439	3080
2593	1292
1344	1909
2993	3508
230	3975
1004	1577
2125	3699
2727	1229
3905	15
2315	1226
343	4054
385	2670
3407	3293
666	573
1972	3204
347	2515
2727	1560
3921	3750
15	2913
3121	2034
1405	913
2046	1078
244	3208
3638	2964
909	176
407	1203
304	2095
2075	594
909	758
187	176
3912	4082
2189	1794
2238	888
1041	1407
655	2093
3184	2853
1155	2765
187	2639
447	242
1193	3397
1460	817
2692	2161
1360	225
1871	3734
493	3494
634	931
3382	475
3356	2692
2989	3571
136	851
1618	2974
2219	2913
2793	1275
729	785
3904	2521
3709	3423
2997	574
1192	2913
29	38
1776	3803
3406	1415
1496	3719
2378	125
4055	2559
90	73
977	3094
326	664
3614	1871
1463	708
391	1165
1985	3986
172	878
3405	2593
3528	785
1229	2191
1284	1279
391	1074
1444	3068
1080	2107
1849	900
3645	3361
4006	4007
3091	3231
1185	2758
3712	3292
3609	2634
2768	2773
15	3897
522	3962
2392	1471
655	1147
1204	3571
89	304
2751	621
1552	87
3889	2988
3453	1766
790	431
2271	1398
3963	3019
529	839
2470	2336
1301	1483
2455	2797
3685	664
84	839
1464	3632
1377	3178
3038	1851
821	1147
3264	1650
2268	3744
1504	665
886	114
1659	1671
3036	3494
244	7
343	1105
2654	277
1464	637
3155	655
1351	3219
1348	524
974	3956
3293	2976
2271	1716
1768	448
427	1395
1890	2532
1309	917
2631	3767
3059	3456
1577	3993
1484	1876
2824	2498
3388	3037
1257	1432
1637	2000
3168	154
2544	1176
2968	191
2533	2809
3846	3719
2343	3136
3282	1308
2204	522
258	1443
32	839
1758	3494
1345	664
2072	3446
655	2101
896	1046
3948	144
3727	3938
3120	4008
3283	80
3826	3285
655	1804
372	155
4002	4078
3210	2030
2455	786
1128	588
2760	2435
685	394
2375	651
3874	3434
32	3727
1758	442
3726	2726
2533	343
2639	2241
1567	106
861	2273
1776	2100
2727	193
208	3251
1344	2106
2863	977
2659	250
15	382
857	357
301	592
2455	1303
1226	3719
1099	528
3258	3685
327	433
592	904
601	518
3884	3356
1160	3661
3640	379
2596	1901
498	1054
1306	897
662	839
3168	2475
3196	97
3645	2703
1103	2059
442	1287
2639	2997
559	15
625	2695
1711	173
3366	3840
1934	318
1949	3992
1129	272
655	633
1084	247
2751	662
655	2586
776	229
573	254
337	90
3888	3488
32	834
2678	1149
1088	3319
15	2050
1615	3246
3174	90
896	685
4055	2217
572	477
2401	790
1484	2413
2678	3698
2204	2189
3905	2199
2953	2951
1998	805
50	394
7	1032
655	112
3427	3359
2273	3495
3733	639
1566	1053
2902	2777
216	2814
1081	1561
1553	625
2720	3767
996	989
1430	1483
1694	3818
1360	776
2639	998
1229	2263
462	172
831	3916
530	1746
343	2132
2481	453
605	2793
1771	332
3008	2751
1879	701
386	2974
1866	240
1682	125
655	1811
1909	1522
1758	3932
3519	3473
4055	2116
3742	349
15	3324
2753	2708
1246	240
2533	2355
2304	1230
2666	884
1768	664
3134	2780
553	275
314	697
49	2076
2204	1835
2158	3571
2080	3363
1081	640
15	1953
1516	1394
356	371
3406	3483
1406	813
1347	2289
498	2261
1531	3762
2673	1419
1610	184
691	3784
2514	3357
1476	918
410	156
3206	2403
3463	4001
3405	889
32	848
1968	1704
2593	1106
3840	1599
3174	3004
814	1522
3507	2235
3456	3454
1531	2575
11	2307
1436	1389
3070	2758
3456	2747
3406	1934
2749	3879
927	176
63	85
2289	1398
3062	1421
2151	2884
3999	2611
1758	3156
2477	1746
3406	2425
377	1021
208	343
972	3860
3645	2943
3196	237
343	1483
15	1961
4001	1093
1081	1356
15	2321
2213	3551
3332	2773
15	2469
3323	3856
572	15
3093	2715
3740	3132
1128	932
587	1019
569	73
1292	3166
2331	1939
606	554
1531	240
1309	590
1417	2938
1602	1826
1676	997
343	3259
1531	2607
2772	2662
268	476
759	835
655	1479
1159	1949
652	97
655	366
2375	2746
888	1670
2776	1302
3518	296
2622	2977
1341	2912
1221	1679
495	279
2498	1658
15	2091
2392	3890
1074	884
3826	3007
4003	1407
3007	2100
3050	1180
2962	1269
1255	3551
3864	1649
3000	3136
750	2593
2455	864
201	22
391	71
2269	289
1641	4025
1557	3092
1729	1147
1683	3386
1151	3734
2560	247
2746	1885
3711	2726
3036	2132
585	465
3826	4073
3442	2639
573	2085
3879	3007
2117	175
999	1398
2508	121
2872	3152
1053	3785
582	815
1598	2597
1248	15
397	716
407	632
1919	2864
949	1570
1346	2321
585	240
3859	3002
2749	645
2243	3514
3673	2523
1964	2073
3355	3924
230	2692
3200	3472
2252	38
3803	4001
1081	3880
1754	309
208	3186
1485	3381
898	6
3107	1540
3737	1241
3356	1751
1302	264
2727	3154
917	638
393	1107
512	288
230	1966
3258	2225
2487	2909
1582	1062
2303	2097
3546	2980
3260	671
1668	881
2639	3141
2314	3970
2669	2658
576	3551
268	3644
3215	1192
442	1105
1093	315
1301	3305
1283	1212
3605	1262
2547	480
2904	2279
776	154
76	1483
1434	3667
3872	2794
3921	1934
3761	3765
2665	2118
3200	2147
1937	2959
220	117
1128	144
655	917
2954	1662
933	4003
2997	3734
3489	3869
391	1314
336	954
385	1357
685	1572
1336	1449
15	531
2623	1857
1434	3543
567	571
972	220
442	4003
1226	2179
4003	2538
3511	2529
3332	2048
1676	1275
3810	3897
3323	1418
363	497
1090	3291
2186	2788
349	510
3440	3371
2175	1531
1247	3283
66	3806
777	864
385	1036
1081	3632
1593	842
2963	3333
655	622
737	1609
3359	513
1947	3231
244	1249
264	1287
343	1078
2266	449
247	3416
90	3530
364	1665
2727	3571
2066	3126
407	400
244	946
655	317
1758	2553
3445	1643
3849	3298
2749	1165
1073	3033
2979	2607
430	1258
4001	590
1610	486
1356	788
2954	67
2644	1033
633	2814
512	338
2001	2676
2282	3866
197	944
3619	2632
1784	2607
391	564
343	2465
794	157
1346	2012
144	1055
47	839
3840	1318
1646	3357
2224	1648
972	3752
3282	4025
503	3190
4004	3386
1320	3013
1925	680
2997	3992
861	1309
304	44
1348	162
3232	3870
2266	2221
2455	210
32	1030
2639	3734
2583	1871
514	702
1986	3086
1870	3964
2768	972
1527	1459
1836	957
4017	1765
2814	2527
448	788
242	3022
1163	977
496	2583
3585	3341
2983	2985
1828	3295
3245	454
219	811
2503	1841
1306	1244
2209	4001
2046	343
2533	2522
2158	3675
3282	2405
3943	1065
3349	3255
2583	2730
314	627
1393	592
1046	501
596	3293
2709	655
3438	3880
2134	3564
385	1081
1733	2457
1145	3826
1203	1121
3357	1435
3075	676
3191	2727
3500	178
2943	1224
1163	1395
4003	3666
655	2549
3298	2127
3430	2942
2521	449
3456	1351
1301	1138
193	490
699	1108
655	3649
3405	989
2717	3136
2997	62
139	2371
2894	2161
2902	2529
2375	1771
364	420
3632	2357
962	3875
3703	1377
1343	3551
3061	2764
3131	2150
632	322
3211	1640
1732	907
3438	1804
3572	3667
3214	2514
2254	2595
1234	3182
3529	944
1945	910
1635	2695
1159	225
2954	4071
2761	3899
1461	3470
2954	845
2639	1179
3889	3494
836	583
385	547
3839	3647
2101	573
2559	433
536	159
1346	2751
549	3481
3766	3112
977	2943
3323	3887
2148	301
2314	1522
544	450
3040	1723
1226	2897
3802	3551
349	2340
2375	2391
2029	3599
1486	1534
1103	3179
180	1365
1268	3632
3215	2950
2521	176
15	529
152	202
2349	3246
2180	1481
2427	1600
3769	2274
244	2912
2834	2681
2905	2028
1081	967
1677	1007
800	3551
1429	2533
952	2146
3396	2179
166	933
3379	1801
1095	1482
823	1871
583	1897
3183	2457
1237	3323
4042	1292
4001	2391
2224	1183
951	301
2641	3638
3190	2259
876	15
2597	3298
2749	3382
1920	1918
356	1028
1864	1138
1430	723
3855	3124
2727	3484
2593	1124
3234	691
896	394
3689	309
2197	2205
1095	3647
244	1618
2979	2311
3962	3972
391	1751
349	2979
2873	3297
842	897
896	501
1430	1716
219	1248
3225	1804
3215	2836
917	6
498	1761
349	672
3551	1148
587	58
655	4012
4042	2928
2905	3848
1798	3298
1165	1029
3860	3805
349	1945
757	1101
2639	3821
3327	3385
3948	2189
3139	181
1778	3106
3323	2288
2816	193
973	1925
3368	2822
543	1976
2005	1948
4003	1483
2584	240
1484	1161
522	3708
782	2241
2273	433
268	1196
2206	1229
224	1798
2403	689
2183	2783
3645	1755
3291	2002
3459	1895
836	2498
2607	449
2726	3938
1301	3381
1895	2205
3332	3156
3529	3199
2175	3507
836	448
3904	3008
4038	3181
2564	1462
2503	136
477	2017
1657	3571
2481	3678
8	290
3948	1138
1165	1194
1346	3682
1298	2095
962	3494
1306	392
199	50
3276	2727
3715	2473
250	2465
2533	3048
1185	3210
2198	2278
3737	1522
68	180
572	349
1488	987
3167	2646
2418	2832
1954	2285
2318	1226
1031	77
362	797
587	1080
2460	3005
655	2289
1098	1091
2639	1605
655	2073
3645	2873
655	798
349	3561
1077	3644
2375	3053
258	43
3302	4028
835	2739
2224	664
2874	3688
1290	4003
789	1019
2749	449
1490	2524
3575	3852
219	652
534	801
355	249
1731	3125
2749	2296
2075	1297
2958	2661
1570	1895
3673	3677
655	834
2113	153
3288	2376
759	364
3247	1871
1484	1377
350	3190
3640	3600
4012	1147
3284	3300
1667	881
917	258
627	633
655	125
1111	1191
1610	1046
242	3343
541	175
2232	3689
3174	593
1074	913
1531	88
2362	2667
682	65
889	105
1157	180
1268	1875
2659	2073
3368	1737
874	1994
1719	109
3727	3314
448	73
3022	3023
1978	2465
3323	2456
1758	2545
855	2013
1021	2661
3284	2799
2206	3154
3975	3934
108	1019
2997	2263
835	664
2614	1105
2588	299
529	2352
930	2642
2590	3327
365	3551
3438	1320
3177	2744
2530	1671
5	1579
2607	3429
1128	1421
1017	2431
242	1518
1314	349
96	3352
2779	2726
2004	3492
418	1360
3494	3429
1408	3120
500	397
3302	2784
244	2722
1784	1825
2064	2914
216	258
2291	3955
965	4069
1013	3811
1321	3258
391	98
1128	1784
1499	1727
914	3930
3253	3124
561	655
2455	2490
729	1323
1788	3239
3193	2329
1695	944
1531	1485
251	849
2989	689
3682	2453
3732	688
2080	3321
3948	1751
3697	1452
3849	1160
2663	2730
230	2060
2563	1375
338	3955
15	3463
672	250
264	3682
361	1510
477	2626
913	2780
3104	36
3179	3403
230	3405
2760	4001
1301	3776
527	792
2731	1301
1317	1882
1095	1226
1862	3811
1159	3128
3689	1954
3849	2013
655	3162
681	895
327	1326
1314	35
655	822
1309	45
211	1549
2273	2216
1246	354
456	1711
1395	36
1302	2731
15	3305
3759	2122
1784	2321
1320	3375
2647	253
2175	3640
3632	567
1311	1087
1230	1413
1128	1666
3007	2668
2751	2010
2760	1922
2429	3077
2320	809
933	2608
2664	2555
2224	46
1301	1761
933	1194
1531	1610
1246	1412
1784	1805
3727	3247
2666	1665
166	2375
3833	2728
3432	2680
221	3751
1453	1236
1185	3256
1178	710
1531	2324
3341	1522
2612	1557
15	2577
274	3551
64	693
652	662
3776	1250
1301	933
477	3529
2666	1973
2117	1654
89	2095
2673	176
3776	1421
811	872
3773	2303
3155	3682
154	290
655	3543
2825	694
3602	1083
235	1358
3558	1310
1905	3551
3036	1856
264	4012
3186	2657
4056	2228
1950	2289
3442	4003
2607	2787
2206	533
385	47
3645	3554
1714	2098
1024	144
2459	2583
512	590
1346	15
1629	1043
1019	247
493	157
729	1943
1551	241
2778	3569
1301	2865
2585	154
494	1183
2946	3542
3632	2391
1516	478
15	3381
3093	1899
655	3806
138	387
1118	643
497	841
2399	3432
3529	3992
1434	2610
89	2454
2749	2288
158	658
2990	1161
1865	386
3366	3976
1278	2964
2455	3702
4003	3324
181	457
898	225
343	1761
1054	1441
985	3848
655	316
2273	1212
2183	3132
141	1636
15	2780
322	980
3317	1108
326	393
822	290
2965	2410
655	3833
230	3013
791	94
3542	3554
343	2794
1081	1719
2727	2907
3727	3093
2429	615
3614	4026
1789	2117
1176	2809
714	2877
2167	3131
2556	2559
1720	2496
1176	1729
335	979
52	2980
609	639
426	2410
3160	3571
1758	1250
2102	2307
1871	3021
3153	2379
1505	100
2751	392
3727	2845
2012	4003
2732	446
909	655
2593	2794
1301	3914
2874	3616
3862	2537
15	3470
2054	1871
3405	1483
2840	3163
896	486
2341	2375
3742	426
1033	1083
2768	2722
2334	2066
2271	1893
2581	87
511	944
1876	857
951	451
2555	3898
3136	3600
500	569
1447	3865
3834	2651
2080	2727
3803	3424
3128	825
845	537
3167	2549
26	2621
15	3603
2565	1375
1301	3564
933	1478
1344	2080
2551	2751
3752	3543
522	2285
61	2147
2687	2666
3007	3955
511	544
2967	1128
1926	2997
2968	2127
1570	15
929	2308
3632	3406
1081	1692
90	837
2191	1816
586	286
2224	1299
2618	3817
216	169
3971	792
156	144
1275	1671
15	2669
3484	3154
2794	1052
138	1022
2421	933
2256	1522
1866	3264
685	501
2714	2196
861	2576
2171	3571
3483	1070
3902	2932
2914	2263
1711	3041
1629	2751
3767	1808
594	2098
3007	1761
3921	3147
1983	104
3667	3543
3599	287
2365	2604
1350	4062
3548	3063
1578	2830
3862	4055
141	703
1204	2403
2526	2680
331	389
230	3342
2521	36
3727	965
2366	1017
1594	1943
689	2300
1165	2730
12	4003
1026	3695
2177	1590
2873	2735
1309	843
1721	2828
1163	2408
2983	4034
3581	120
2487	2251
247	250
176	501
2607	1879
1437	3471
3848	2005
57	40
3186	1105
514	214
1022	4001
1635	2608
1895	1762
3119	594
1402	3768
606	2571
141	283
1904	2048
654	751
2887	1579
2080	1841
230	3266
41	130
874	12
3971	1181
1302	1784
166	4054
2912	2053
3015	2955
54	4026
2597	1512
498	385
3761	2945
3216	1871
2117	1306
522	1954
655	213
477	804
343	1356
1128	1798
1135	1132
244	1350
1357	1355
1248	655
517	567
3846	1560
3261	848
3230	2653
1344	452
2907	3396
2318	1461
4001	1176
1342	3127
2492	4025
1629	3974
2462	2147
1249	848
3322	3504
15	3107
3456	3163
2221	3081
1901	2095
1097	3758
3129	3457
522	2732
1730	856
2159	3173
907	87
1314	1991
3069	3551
2639	3395
2026	3340
3491	3945
2660	602
3778	3974
2375	1421
1530	2447
985	291
1290	3238
2204	3742
522	3022
3899	3152
311	3323
2206	1816
655	1357
129	983
1081	3323
391	1687
1377	58
989	3967
3731	2718
2745	2746
2824	3518
98	615
1553	3481
566	1428
2341	3148
54	1505
3015	2134
1301	1584
3665	2639
514	1990
1248	1544
2173	2354
264	2913
763	51
545	1244
2900	3032
3880	2189
655	2944
1442	2115
956	2158
3131	2239
193	3774
1165	1453
2045	3026
151	1081
1268	1105
1567	3169
2250	2726
1268	1947
3507	3845
4073	2374
1835	4052
493	568
1113	811
836	896
207	3551
15	1181
2597	1954
3494	2288
3390	1021
349	950
2162	380
1301	3646
220	2683
2164	3191
3200	1754
2657	3472
4040	220
1309	830
1888	1398
852	3556
1450	935
3016	1355
1586	1955
3162	2191
1365	811
2692	1137
1732	87
479	1183
2059	2788
3488	2661
2751	3147
3508	3943
1099	1618
932	1055
3727	2583
3341	3168
655	638
1529	3845
1730	2134
3583	3562
1311	4077
602	1475
2343	3148
2530	2794
1978	1975
3803	1017
2802	2873
416	45
1191	538
1097	2642
228	534
1345	1128
3308	3559
3830	1521
3323	3748
962	1407
1346	1302
1610	569
3099	3214
2462	3472
2559	2574
1553	3000
753	20
682	36
663	204
949	2721
1074	15
2861	2584
2727	1407
1357	2837
1934	882
3731	3947
3107	3017
1090	2964
1635	505
2321	2751
652	327
3706	3849
3347	2335
2950	2251
2664	2039
1172	651
15	33
3936	1083
3879	3494
3327	1320
2018	3230
1635	350
603	15
3170	4003
3682	2732
650	520
498	3567
1040	1544
1486	3540
3438	3705
1201	2887
1945	3551
729	1746
3224	1864
1593	567
951	306
1645	2381
1862	3491
1731	2532
3846	2793
4006	1771
2455	4043
4079	3863
1876	385
358	685
71	621
2136	1696
562	3345
3179	2854
2054	3962
3134	1952
3489	1820
2828	2874
947	528
3948	1875
1711	1943
3971	3955
930	1028
1158	3054
673	485
2096	3828
1141	758
1721	3688
1089	2026
2607	664
2989	2720
1237	2577
3008	3438
1711	3336
835	1192
2988	3600
1230	1422
431	1703
1388	1411
3834	3521
3862	2572
3826	187
343	933
584	1662
15	1392
2187	2208
672	563
2593	2563
2898	3823
1274	15
493	1398
3369	2835
888	2902
219	545
445	3551
1934	2514
1758	3647
278	1295
580	954
1758	193
1789	183
477	3737
949	1265
290	195
2997	2661
835	836
181	1062
651	1055
2921	3555
2565	2559
985	231
1751	2722
652	244
655	570
3441	1891
2367	884
2072	625
3263	1810
469	355
522	309
628	1901
1770	429
1230	433
3835	2964
2802	3462
2213	2275
3007	4008
319	1051
1958	2017
2462	3019
1629	551
569	2320
1587	61
2063	2493
55	1347
2266	4001
3995	454
3848	4043
3528	2279
883	238
49	455
1485	2396
32	7
3727	3175
462	246
2232	2597
2055	707
2256	2997
3439	2328
244	1033
15	2658
1738	2901
1111	627
1484	76
15	3141
3863	298
2950	3366
2692	3196
360	1134
1379	3887
1256	3849
1485	1895
1498	2393
1128	834
2549	2819
261	3551
3113	3734
1593	301
3880	3437
1132	2129
642	295
1178	418
2731	989
224	523
1919	2806
1028	1148
3560	648
2912	1138
1022	209
385	889
15	433
2343	2284
215	667
402	513
244	421
1274	58
773	3185
2530	3632
2521	2883
625	1654
1430	899
4004	2681
498	4081
917	125
1813	1857
1393	2312
2583	352
655	1225
2639	1782
1405	3151
3543	3729
327	1244
824	2289
2476	3603
2590	1871
493	1888
2262	1324
197	351
655	1294
2421	2666
2452	1721
3593	3293
2388	173
41	4026
3871	2809
1302	3025
1561	90
2572	871
1618	93
3302	2558
512	3469
2886	1835
1405	3389
1344	670
634	2751
1178	1600
3658	3421
486	1046
2312	301
258	125
349	3652
3504	3734
2216	4055
1301	3043
66	1871
208	2883
157	3136
2080	2997
835	1739
3584	582
3210	2661
3369	570
3451	3295
3607	2203
3907	623
655	816
3784	552
2687	925
3976	2540
315	758
2836	3447
2289	2694
855	36
3341	154
1185	1208
2651	2445
1305	2052
655	314
1395	301
1838	1233
3408	943
3861	2537
1213	2911
4083	3878
2038	3704
498	3774
1041	2755
242	553
3236	839
1484	2054
3371	3357
1113	2296
2448	3196
290	3734
3388	2266
3862	343
912	2922
1346	3224
173	289
3742	2452
3162	2263
2636	2016
138	385
727	2419
861	3872
3887	4003
399	2113
2080	2256
3528	729
244	1678
936	433
1053	592
244	435
1425	2636
2657	3107
1484	735
1320	1085
3689	3298
208	1223
1360	1579
1595	2122
2361	2937
2033	1687
3653	3593
2997	1151
3332	3909
3407	1567
3349	2184
2732	2186
3872	2347
38	3616
2727	2997
672	1421
349	1720
265	1020
50	907
770	3993
2657	2107
933	568
1178	907
1058	4032
582	2575
3145	3136
216	53
2923	2202
1707	792
3156	1871
3017	3472
1045	1941
2631	2912
409	808
2770	2135
3682	1033
2137	470
3508	3301
2522	4001
3282	3340
1484	3008
3007	1643
3008	3323
407	518
1124	792
455	1325
598	2500
3445	1574
794	32
2448	1236
2620	3172
816	1222
419	279
456	954
1042	1064
721	569
1636	1679
2131	200
1306	2751
3849	3632
1453	225
682	522
1779	2567
2865	1021
1405	2659
2666	792
881	1433
1724	412
393	279
3059	3952
2213	114
1507	1669
1484	2158
2738	188
2860	3424
1586	3544
3327	1888
3478	3981
661	1717
625	2435
2720	2800
455	961
4016	2094
1660	3244
585	327
349	309
2831	1409
3979	3468
1846	3570
1027	1001
2272	3405
2881	3704
2852	1873
1531	554
268	888
3518	2498
1041	181
128	897
2727	3162
1095	1190
3016	2100
2321	1176
587	3103
3388	2065
2690	3158
15	3646
3563	3460
219	913
2631	2112
3371	1648
12	45
3258	1794
349	1629
2814	1841
391	651
3726	1708
3617	2879
3697	825
2979	3494
15	3471
473	3826
1803	2385
777	231
1598	3298
2117	637
3445	1796
2082	1070
1113	1226
900	1686
652	2721
4007	731
2027	2057
3329	2820
916	290
2027	446
76	2425
3791	2960
480	1792
3239	2012
2206	3635
799	2069
3702	3114
1395	343
3705	3880
327	465
3762	3004
655	3043
3998	1431
3133	2979
629	272
3166	3881
1314	86
84	1165
898	112
391	652
1625	642
1197	1560
655	380
274	735
2963	2953
264	505
363	3551
967	3462
2678	2766
679	97
3712	3140
1484	2669
2522	694
3238	2522
2979	3559
409	506
2794	2217
3822	2750
240	1028
2012	2830
2018	3170
15	2991
1947	3666
1124	2549
1484	2780
3484	1815
1068	1841
2695	4025
3810	3868
15	1132
2066	1560
1290	1518
1934	1070
2803	1687
1421	3955
3009	3833
2560	913
1429	247
2216	3851
391	364
3306	1871
655	1194
1758	1261
1129	3955
3709	3867
3099	2296
2908	2168
242	3337
655	1124
2794	3203
2533	3875
1678	1055
449	3943
530	594
3163	3361
460	505
1408	470
1403	3805
8	1841
3484	2762
593	1217
655	134
506	1240
2375	2480
3339	2381
2164	555
3075	2066
350	3674
2954	3717
814	290
567	809
655	1104
836	295
2071	1062
2997	3335
533	256
2375	2912
2375	1407
391	882
2692	1357
655	111
3323	2094
1301	2669
2590	1894
1377	2019
2727	3053
1309	971
15	1147
2749	1095
2512	2322
407	1121
309	2127
1128	159
3217	3931
1666	2543
1128	1729
1758	3008
4060	3107
2285	2127
2876	3571
349	2334
1311	2985
2224	3744
2693	2694
498	1081
1125	193
1513	522
1311	3399
1768	1732
3332	933
2714	480
652	2793
1582	2755
442	2653
1456	1929
1761	2912
172	1625
655	679
655	209
1531	1074
655	3905
3129	1038
3415	2405
3689	2340
655	1059
1463	3067
2989	1832
264	731
1373	2600
663	1354
3204	3336
510	2639
1345	295
2392	2856
343	977
1832	2457
561	1173
1345	306
385	2128
1860	1861
1758	2522
244	928
3239	3323
3672	2907
1080	1306
2528	3014
689	2459
1344	4024
4030	3688
4076	1363
1335	980
1269	3859
844	688
3406	2583
2739	2850
3826	1556
2202	2918
786	4043
3528	2264
244	848
1567	3293
522	1412
2685	2686
2656	442
560	1055
1219	553
834	621
1970	3035
84	174
2355	3713
486	2480
592	915
2959	1759
1205	549
3179	3811
3059	2705
2455	985
3175	1357
689	1496
2285	1790
2099	2531
4022	2264
2622	72
4003	3955
3303	4049
174	98
3064	3526
1773	3496
1758	2521
2000	2194
3841	4038
565	996
180	821
885	433
1465	3551
391	1770
328	638
1609	563
3702	2777
590	528
349	2912
230	2063
874	880
1591	954
2749	1989
3366	2540
511	258
3884	237
1553	4001
3032	3603
655	67
3484	3571
1405	2012
3484	3149
112	1528
4026	3264
2555	2313
857	338
2709	989
3768	3466
3738	2335
1081	1461
2197	1019
1345	2357
3804	1550
845	1635
1711	1594
440	2499
442	2127
1128	1667
2593	1191
1947	1794
1302	1290
2935	3868
538	2107
2175	3323
1379	1275
442	775
4050	3845
1117	1009
3968	2251
655	1716
1570	1543
1947	2504
455	1628
3212	77
2476	2122
3427	1580
1026	3982
896	1610
90	4026
442	2257
2780	1952
655	237
882	3699
2375	1496
2618	1477
377	2298
2749	1835
327	560
1309	881
1662	2450
2375	4001
2389	2402
1239	1122
912	3509
3332	3694
1610	176
947	1762
835	74
498	3136
1244	273
1684	817
3810	3935
507	1473
1270	2791
244	2861
662	2108
2080	1302
1128	266
349	1796
4042	827
166	3586
1789	1290
15	2319
794	343
3632	1105
835	592
1573	933
1046	2591
1306	1748
877	2721
1698	1542
564	190
2403	2248
949	625
3323	959
3862	2794
3792	3542
1017	3403
655	1485
1722	1543
2920	3200
2659	3004
2873	3288
2091	1478
3308	3728
3163	3435
2709	2989
824	2134
247	553
1985	3964
664	932
1331	2956
2655	1122
1813	2554
15	955
326	683
219	1395
1950	1385
385	2094
1011	946
3447	1595
2622	713
3462	2585
2461	2085
1128	220
2533	1808
32	903
3254	478
3547	4013
2592	2114
99	3424
226	1122
2135	3463
2588	3640
3155	472
841	2480
1593	1244
660	880
2462	1556
1776	3007
3787	2725
2373	1960
1635	1326
3843	3117
4065	2590
564	1348
1484	3600
1609	362
3880	962
784	2974
1531	1768
2330	2380
1283	602
1531	845
3551	2808
2944	2682
1111	314
3764	3340
2403	2143
2907	3767
2375	1922
52	1054
652	474
2631	2907
804	731
1586	166
1395	2320
387	679
1919	3978
338	590
3240	3344
715	3551
1046	389
2081	3719
609	2045
1490	2073
1128	1377
707	1904
2768	3845
2593	2235
3653	3248
3129	3155
1178	1030
2768	1301
3632	3264
2084	2929
3904	3032
3461	2901
3656	4013
1357	788
3632	1922
1254	2639
3206	172
3632	1934
1348	76
2955	2134
3727	1567
3495	2663
3957	1138
2487	977
