4085
1740620	0
308630	1
3592	2
231731	3
95911	4
150015	5
454661	6
339645	7
329919	8
210450	9
61889	10
1344686	11
126601	12
156839	13
756299	14
74365	15
278332	16
1222910	17
136291	18
81663	19
416748	20
204518	21
1307528	22
77073	23
55774	24
77395	25
384851	26
206461	27
438415	28
1452219	29
1408295	30
148216	31
88470	32
213501	33
402949	34
73004	35
65679	36
319338	37
1694577	38
994609	39
261252	40
119391	41
127096	42
1163231	43
1439545	44
726990	45
394865	46
119865	47
102278	48
18535	49
135593	50
732435	51
8637	52
1412103	53
23816	54
68594	55
68042	56
142385	57
53921	58
1472735	59
196508	60
874082	61
1286290	62
232155	63
177907	64
182143	65
97991	66
145267	67
51309	68
171911	69
55495	70
127961	71
128193	72
120335	73
47072	74
123064	75
468002	76
1590577	77
17233	78
224420	79
1225078	80
955823	81
193533	82
165043	83
4284	84
482916	85
169063	86
1828912	87
90038	88
187845	89
80650	90
1191911	91
711264	92
265896	93
402927	94
177725	95
161560	96
871111	97
119848	98
4597	99
157563	100
400715	101
110663	102
335124	103
168975	104
730928	105
890625	106
1221667	107
4141	108
1375533	109
136225	110
269019	111
755370	112
526799	113
217779	114
107223	115
440453	116
498396	117
1755277	118
824032	119
1178316	120
398124	121
2099460	122
763055	123
1557689	124
1742443	125
1231999	126
2021867	127
119733	128
813445	129
844555	130
2051866	131
115349	132
102433	133
536620	134
1094649	135
552433	136
122045	137
4638	138
170763	139
1976462	140
142567	141
6898	142
752808	143
734137	144
318518	145
1506552	146
56007	147
311467	148
124450	149
854693	150
6905	151
972716	152
515369	153
443780	154
1045621	155
717212	156
312928	157
70804	158
1112347	159
1233331	160
19620	161
745243	162
362236	163
462995	164
44458	165
29446	166
126180	167
1860489	168
238663	169
354271	170
202975	171
9917	172
344397	173
31238	174
502694	175
134316	176
172110	177
801580	178
649498	179
139406	180
552647	181
110189	182
189425	183
129041	184
933239	185
93831	186
100955	187
189510	188
191213	189
1196250	190
1333004	191
1269130	192
193342	193
179247	194
1284092	195
352683	196
285861	197
76566	198
85034	199
148366	200
1066933	201
1373562	202
340907	203
48167	204
53452	205
434987	206
444719	207
36413	208
1274035	209
244111	210
403875	211
424583	212
207280	213
1012859	214
79424	215
222184	216
191221	217
73523	218
1057	219
82727	220
894693	221
83121	222
247095	223
30724	224
1856887	225
508924	226
132513	227
630749	228
477499	229
6158	230
352699	231
1830959	232
312654	233
109741	234
187805	235
274169	236
916753	237
182920	238
329070	239
297231	240
1224410	241
61291	242
1498997	243
17792	244
77944	245
126595	246
156006	247
324707	248
1428231	249
209358	250
385383	251
751321	252
221560	253
935297	254
335251	255
289309	256
46299	257
247948	258
258734	259
215148	260
947925	261
356171	262
1002924	263
42610	264
6368	265
233376	266
93913	267
100179	268
123141	269
1424	270
1560753	271
397099	272
485171	273
58201	274
1641282	275
197898	276
755171	277
223928	278
339058	279
1007685	280
85883	281
973160	282
336312	283
188817	284
186385	285
293289	286
157483	287
107684	288
531119	289
482194	290
256021	291
1448478	292
264377	293
1312040	294
1322579	295
924299	296
250987	297
70811	298
145342	299
145861	300
395203	301
141426	302
1440157	303
640366	304
31982	305
61462	306
1739937	307
16624	308
300045	309
93882	310
61274	311
291992	312
225037	313
82893	314
312563	315
312523	316
127968	317
163257	318
94341	319
24306	320
279220	321
1182355	322
185056	323
346588	324
308409	325
23826	326
54007	327
157974	328
40516	329
98372	330
79735	331
184105	332
292132	333
180825	334
108847	335
155926	336
61523	337
73593	338
317835	339
1986484	340
62435	341
263715	342
78604	343
256081	344
219623	345
280195	346
143336	347
247348	348
25085	349
175063	350
506804	351
479577	352
260023	353
140477	354
423958	355
51372	356
100441	357
65381	358
200891	359
290237	360
71270	361
798254	362
30694	363
113631	364
19128	365
125209	366
416217	367
234725	368
67845	369
189388	370
158594	371
149908	372
206469	373
108031	374
105027	375
196241	376
132998	377
1160246	378
214283	379
251922	380
120519	381
82895	382
1931907	383
139137	384
33481	385
98228	386
23841	387
61808	388
426785	389
711419	390
4811	391
324029	392
120035	393
178447	394
109151	395
1141215	396
95285	397
180757	398
159224	399
1189492	400
61629	401
130156	402
162139	403
137548	404
113862	405
93458	406
8554	407
101381	408
216265	409
242363	410
248357	411
1105687	412
229134	413
1646484	414
983753	415
58590	416
231963	417
195839	418
32430	419
249320	420
636074	421
33799	422
1808493	423
441764	424
730316	425
188991	426
1785	427
369141	428
493134	429
32329	430
165796	431
87896	432
208576	433
247980	434
257164	435
39447	436
265191	437
239713	438
1416939	439
83981	440
1465440	441
33075	442
258697	443
58643	444
107290	445
463252	446
2330	447
88203	448
136432	449
467974	450
85026	451
188284	452
133077	453
1966624	454
30392	455
169957	456
766077	457
176272	458
2034314	459
71820	460
1109924	461
1668	462
1127416	463
380895	464
222145	465
124129	466
1912352	467
265064	468
367506	469
501143	470
367302	471
1766208	472
16182	473
290248	474
290003	475
741651	476
20962	477
1072257	478
17941	479
234230	480
38771	481
246974	482
74191	483
60183	484
234299	485
65858	486
67581	487
136367	488
58499	489
408956	490
1346908	491
243910	492
87114	493
202917	494
238799	495
125368	496
173086	497
13258	498
44454	499
58275	500
880767	501
94003	502
217561	503
227255	504
623594	505
227754	506
319185	507
339400	508
239597	509
50107	510
190704	511
8524	512
640296	513
19	514
182697	515
239923	516
58	517
839895	518
1654124	519
240691	520
1681592	521
45743	522
54015	523
288077	524
1488825	525
64835	526
71080	527
287331	528
84698	529
81379	530
604338	531
241911	532
154303	533
1862464	534
113474	535
88438	536
758634	537
86894	538
226204	539
204633	540
222839	541
15916	542
478840	543
191592	544
9073	545
30780	546
358705	547
1168433	548
769766	549
314245	550
158729	551
301216	552
232307	553
354395	554
97368	555
735988	556
266189	557
234897	558
51134	559
168350	560
9437	561
2177	562
338139	563
87488	564
13259	565
218034	566
173385	567
718137	568
83302	569
65309	570
574863	571
9646	572
296890	573
201964	574
242075	575
252362	576
131251	577
130597	578
360730	579
171446	580
1689300	581
150088	582
319645	583
143133	584
39588	585
85306	586
10475	587
92756	588
63890	589
145591	590
116296	591
836336	592
120225	593
665540	594
21905	595
93570	596
994454	597
183592	598
41558	599
414861	600
349281	601
250937	602
12424	603
2150328	604
15861	605
93959	606
523778	607
695841	608
18087	609
682741	610
1133300	611
235256	612
151356	613
1029180	614
566614	615
253977	616
812514	617
179650	618
1039549	619
830183	620
188666	621
197685	622
1389857	623
193568	624
190744	625
322075	626
90040	627
167511	628
228793	629
156684	630
4377	631
66452	632
105362	633
111574	634
69256	635
801045	636
129326	637
942156	638
769656	639
251267	640
1322799	641
159927	642
76990	643
20580	644
392067	645
832	646
227701	647
388244	648
830526	649
239886	650
334608	651
6504	652
126023	653
101768	654
52916	655
277576	656
106427	657
1633068	658
316587	659
58975	660
12492	661
167234	662
44337	663
666315	664
93691	665
13798	666
495966	667
18637	668
179392	669
107459	670
127687	671
108866	672
79766	673
967056	674
114138	675
1630511	676
751874	677
53617	678
256232	679
236058	680
89110	681
34858	682
32627	683
1660757	684
140408	685
85095	686
1065129	687
1061022	688
80889	689
156588	690
48679	691
23286	692
179626	693
194546	694
208728	695
146462	696
1814697	697
1133494	698
715705	699
7485	700
956931	701
29643	702
482412	703
86023	704
25260	705
59463	706
98676	707
161789	708
257202	709
93462	710
135726	711
135404	712
92153	713
174935	714
49809	715
286742	716
237332	717
224895	718
861007	719
257515	720
31206	721
215886	722
189135	723
470678	724
168076	725
930940	726
146036	727
283600	728
154258	729
500227	730
348136	731
212278	732
421742	733
1578368	734
774861	735
389863	736
17040	737
200383	738
206776	739
122051	740
115875	741
425372	742
132572	743
123985	744
233864	745
37269	746
1057151	747
308097	748
120242	749
54437	750
215389	751
1221163	752
321884	753
349850	754
1208781	755
1281212	756
184075	757
660555	758
2900	759
1120877	760
135856	761
46823	762
137919	763
360872	764
5966	765
233294	766
169363	767
209415	768
27761	769
139224	770
1924356	771
2055697	772
283704	773
494742	774
799313	775
415166	776
282488	777
697945	778
172514	779
240141	780
805116	781
33477	782
106792	783
640117	784
977675	785
548590	786
1046810	787
463306	788
21596	789
147460	790
114902	791
170394	792
1216837	793
4124	794
1733330	795
1037437	796
1268577	797
1121003	798
22660	799
111819	800
1999834	801
1026119	802
193564	803
84720	804
673919	805
536961	806
1780517	807
1634484	808
232042	809
117244	810
350045	811
138409	812
648871	813
52018	814
1268334	815
202678	816
1643778	817
744534	818
235873	819
965977	820
459624	821
145118	822
35918	823
65771	824
373575	825
131529	826
68470	827
21328	828
227135	829
176852	830
265537	831
219902	832
218515	833
184103	834
3514	835
11378	836
897903	837
29692	838
813954	839
374082	840
388351	841
137064	842
1569817	843
212198	844
116771	845
269556	846
1415411	847
334424	848
1820635	849
607535	850
1890738	851
244884	852
74165	853
122201	854
64707	855
161487	856
70622	857
182038	858
115204	859
1681340	860
16267	861
1311789	862
83706	863
1397312	864
108975	865
209790	866
163679	867
25489	868
39485	869
305091	870
124964	871
350493	872
204854	873
73656	874
268176	875
21742	876
204169	877
36866	878
182172	879
360991	880
141984	881
185428	882
76833	883
52386	884
169064	885
199830	886
78912	887
266670	888
116821	889
1075127	890
1598737	891
240064	892
358919	893
280551	894
93777	895
35694	896
189040	897
285521	898
60062	899
133324	900
444848	901
640215	902
1478434	903
1379693	904
413260	905
732912	906
909816	907
128818	908
22638	909
244372	910
2018428	911
88132	912
51869	913
31763	914
900604	915
459989	916
219808	917
1193248	918
116813	919
1845225	920
674494	921
542885	922
4346	923
117816	924
1167383	925
130139	926
17478	927
1009722	928
1356	929
112266	930
589412	931
981369	932
103941	933
127228	934
872877	935
56457	936
175836	937
132958	938
109125	939
375925	940
278366	941
782184	942
20186	943
363383	944
81171	945
129278	946
55983	947
31529	948
57629	949
272009	950
2105	951
1218881	952
1594522	953
1960038	954
87504	955
37440	956
818707	957
1069965	958
107705	959
49145	960
183294	961
89511	962
7655	963
288058	964
275567	965
1494356	966
61599	967
1442541	968
182275	969
632953	970
191931	971
35645	972
157849	973
13298	974
45841	975
204436	976
262577	977
144787	978
111193	979
1222570	980
242427	981
121991	982
1844384	983
196130	984
116449	985
835071	986
45179	987
1642086	988
187591	989
60933	990
810863	991
274829	992
940337	993
164011	994
160558	995
41750	996
508851	997
293741	998
142350	999
126144	1000
114525	1001
271857	1002
290374	1003
99816	1004
228060	1005
283385	1006
264103	1007
204693	1008
364371	1009
455320	1010
7797	1011
156804	1012
2596	1013
151407	1014
143523	1015
196426	1016
246996	1017
110296	1018
30031	1019
215282	1020
375144	1021
41919	1022
222493	1023
50905	1024
85116	1025
323193	1026
94578	1027
810704	1028
467659	1029
190612	1030
1490946	1031
1256762	1032
142287	1033
71012	1034
82029	1035
392722	1036
255933	1037
184756	1038
1359820	1039
59666	1040
282980	1041
23402	1042
514892	1043
78253	1044
572791	1045
178347	1046
37443	1047
210890	1048
236148	1049
247568	1050
1126839	1051
404345	1052
3849	1053
57126	1054
1866667	1055
145282	1056
93951	1057
71779	1058
80236	1059
84126	1060
252292	1061
1867447	1062
257207	1063
1859695	1064
888184	1065
75255	1066
139256	1067
215974	1068
204061	1069
463766	1070
95044	1071
62702	1072
148225	1073
38369	1074
99700	1075
161442	1076
122142	1077
1585139	1078
97676	1079
24641	1080
42872	1081
203995	1082
428046	1083
110452	1084
337264	1085
463347	1086
1263827	1087
72874	1088
100562	1089
198654	1090
190676	1091
285213	1092
209894	1093
698412	1094
21391	1095
182425	1096
59253	1097
81978	1098
30822	1099
208205	1100
555327	1101
10716	1102
33731	1103
888591	1104
346289	1105
228604	1106
215587	1107
1212701	1108
169122	1109
367950	1110
50267	1111
1925918	1112
36733	1113
134472	1114
225508	1115
227329	1116
159372	1117
48963	1118
271915	1119
891225	1120
161551	1121
1725610	1122
1236515	1123
118894	1124
144766	1125
227518	1126
785060	1127
31236	1128
62543	1129
159693	1130
121812	1131
603855	1132
118174	1133
1218600	1134
130373	1135
937738	1136
548053	1137
240109	1138
284273	1139
203456	1140
66645	1141
260948	1142
170367	1143
748156	1144
9049	1145
1592290	1146
578062	1147
1926543	1148
656913	1149
1910711	1150
231550	1151
187898	1152
1177647	1153
20644	1154
59997	1155
95540	1156
65548	1157
126334	1158
114180	1159
83297	1160
1041042	1161
1654517	1162
3869	1163
20141	1164
197966	1165
109241	1166
391917	1167
56600	1168
682748	1169
888848	1170
228533	1171
25827	1172
1177556	1173
1469218	1174
285520	1175
360689	1176
309852	1177
89621	1178
448490	1179
188766	1180
1091095	1181
302810	1182
241076	1183
1053784	1184
10837	1185
199936	1186
1615545	1187
394943	1188
1120837	1189
75274	1190
79378	1191
90276	1192
75546	1193
483461	1194
364812	1195
501636	1196
60011	1197
140928	1198
576124	1199
204670	1200
84554	1201
1281954	1202
68321	1203
13453	1204
192162	1205
764311	1206
356720	1207
93763	1208
226668	1209
120620	1210
2057813	1211
768070	1212
338138	1213
295271	1214
447288	1215
51756	1216
123887	1217
223012	1218
73928	1219
1296005	1220
477834	1221
1160452	1222
203800	1223
445727	1224
224367	1225
161563	1226
2133654	1227
382075	1228
85522	1229
21406	1230
517668	1231
1946207	1232
308398	1233
105030	1234
214409	1235
1795878	1236
66216	1237
299328	1238
212394	1239
239510	1240
267467	1241
331113	1242
566690	1243
81475	1244
504187	1245
7199	1246
262587	1247
4913	1248
78038	1249
907963	1250
469028	1251
618976	1252
20640	1253
39249	1254
184173	1255
6094	1256
354357	1257
1874059	1258
118975	1259
179652	1260
247855	1261
1743314	1262
585157	1263
396243	1264
704556	1265
217797	1266
84443	1267
9490	1268
927226	1269
339768	1270
133066	1271
282131	1272
243899	1273
5686	1274
111613	1275
167001	1276
711551	1277
51896	1278
1454430	1279
1477990	1280
1472533	1281
37920	1282
136266	1283
154027	1284
101248	1285
8122	1286
648351	1287
422665	1288
433991	1289
53584	1290
93203	1291
104600	1292
96413	1293
229556	1294
1428411	1295
73187	1296
234589	1297
217832	1298
356708	1299
303773	1300
63853	1301
18567	1302
249489	1303
1648590	1304
91644	1305
61161	1306
60327	1307
272815	1308
65067	1309
110209	1310
89514	1311
45761	1312
896393	1313
5995	1314
176869	1315
2042748	1316
316367	1317
146232	1318
174500	1319
149992	1320
35397	1321
6114	1322
1272672	1323
520237	1324
186253	1325
150050	1326
343009	1327
584907	1328
203671	1329
178697	1330
61649	1331
13647	1332
1027226	1333
18431	1334
685017	1335
319153	1336
241304	1337
16637	1338
1169695	1339
564742	1340
1063	1341
2291	1342
433821	1343
5499	1344
14241	1345
5421	1346
125611	1347
119481	1348
1027578	1349
61851	1350
95220	1351
13167	1352
1572231	1353
106476	1354
497867	1355
325950	1356
183756	1357
188659	1358
185099	1359
208491	1360
1570135	1361
992366	1362
156003	1363
48297	1364
329109	1365
194606	1366
151377	1367
1169163	1368
137034	1369
225176	1370
211812	1371
1035644	1372
137593	1373
1510429	1374
447957	1375
203870	1376
53320	1377
168005	1378
67489	1379
134842	1380
88333	1381
169621	1382
413085	1383
144279	1384
1493436	1385
501736	1386
9275	1387
530738	1388
123994	1389
141865	1390
639869	1391
462410	1392
21233	1393
1691245	1394
9017	1395
42837	1396
324041	1397
806953	1398
229473	1399
1159444	1400
874014	1401
471298	1402
80523	1403
227491	1404
13367	1405
197217	1406
1048261	1407
159837	1408
1654013	1409
1770036	1410
1110031	1411
116289	1412
190690	1413
126270	1414
1209976	1415
565307	1416
339106	1417
1852969	1418
154188	1419
97653	1420
376068	1421
173353	1422
930818	1423
39628	1424
16273	1425
273421	1426
187880	1427
266548	1428
33858	1429
59321	1430
211015	1431
364474	1432
511585	1433
29448	1434
1713676	1435
45174	1436
126658	1437
702076	1438
1251938	1439
182177	1440
99176	1441
120609	1442
283087	1443
89681	1444
164756	1445
211710	1446
2009	1447
81294	1448
1787493	1449
267631	1450
922538	1451
1371652	1452
639233	1453
423487	1454
86584	1455
572425	1456
205117	1457
24100	1458
710548	1459
1392749	1460
373970	1461
1316942	1462
77392	1463
44157	1464
720971	1465
1131404	1466
51255	1467
201210	1468
1402791	1469
161976	1470
447092	1471
699240	1472
1234315	1473
1217200	1474
367485	1475
652552	1476
39218	1477
1067356	1478
1467964	1479
622147	1480
192044	1481
64291	1482
1021405	1483
5975	1484
109232	1485
385595	1486
129359	1487
4786	1488
378439	1489
18331	1490
31746	1491
791124	1492
193264	1493
595891	1494
711213	1495
159490	1496
178522	1497
90215	1498
101852	1499
1320605	1500
550411	1501
518417	1502
49130	1503
22468	1504
25679	1505
228945	1506
90283	1507
119056	1508
235194	1509
207083	1510
929640	1511
74385	1512
8095	1513
262673	1514
678948	1515
29967	1516
237438	1517
2134629	1518
345966	1519
214186	1520
917580	1521
177449	1522
190024	1523
404871	1524
183758	1525
110789	1526
107026	1527
2152056	1528
46425	1529
214873	1530
8684	1531
398197	1532
204800	1533
1453233	1534
124533	1535
61216	1536
46905	1537
694295	1538
118720	1539
1286747	1540
75063	1541
1358329	1542
179517	1543
160577	1544
81063	1545
785617	1546
54	1547
1711459	1548
1752778	1549
531328	1550
242016	1551
118790	1552
81159	1553
965450	1554
75081	1555
102516	1556
245632	1557
324160	1558
17609	1559
127475	1560
70956	1561
83339	1562
112897	1563
263840	1564
52143	1565
3171	1566
227067	1567
801150	1568
240029	1569
70190	1570
178724	1571
149641	1572
90065	1573
53450	1574
84713	1575
1216460	1576
295490	1577
86141	1578
338375	1579
1709016	1580
112756	1581
240338	1582
1262730	1583
339312	1584
765757	1585
17124	1586
60941	1587
698658	1588
48526	1589
132547	1590
184876	1591
129525	1592
20369	1593
359756	1594
46438	1595
32085	1596
1678997	1597
27728	1598
194963	1599
1209256	1600
38924	1601
32212	1602
258709	1603
43183	1604
156891	1605
263312	1606
1570777	1607
210362	1608
23599	1609
43160	1610
104604	1611
1218157	1612
87592	1613
107334	1614
402543	1615
110197	1616
413367	1617
52393	1618
279179	1619
198106	1620
424124	1621
212525	1622
186044	1623
242235	1624
75487	1625
748387	1626
43881	1627
181987	1628
85656	1629
207474	1630
145701	1631
295943	1632
559380	1633
19255	1634
144754	1635
1255946	1636
15982	1637
79486	1638
129021	1639
335567	1640
56143	1641
937900	1642
366523	1643
423227	1644
65850	1645
257495	1646
1359861	1647
1314514	1648
81237	1649
1177300	1650
1551855	1651
347899	1652
188916	1653
192430	1654
644718	1655
103905	1656
95857	1657
1040226	1658
547760	1659
48014	1660
600594	1661
330277	1662
45553	1663
187178	1664
141436	1665
54971	1666
84610	1667
67854	1668
816211	1669
303306	1670
2066489	1671
154837	1672
198906	1673
1511888	1674
151112	1675
61894	1676
171511	1677
240096	1678
1563435	1679
91061	1680
2130332	1681
116713	1682
28070	1683
782922	1684
270561	1685
477450	1686
734228	1687
1471582	1688
222854	1689
1077833	1690
699696	1691
546785	1692
79439	1693
272374	1694
277936	1695
861973	1696
1495582	1697
194581	1698
196827	1699
1594854	1700
310308	1701
163130	1702
1249176	1703
585798	1704
1181562	1705
665042	1706
96569	1707
1885060	1708
30259	1709
50679	1710
209456	1711
12399	1712
27261	1713
420334	1714
492299	1715
184932	1716
114066	1717
419692	1718
183556	1719
125122	1720
29889	1721
94901	1722
952766	1723
802484	1724
833884	1725
452446	1726
801669	1727
113209	1728
422384	1729
10429	1730
304938	1731
420031	1732
72285	1733
60861	1734
327830	1735
228307	1736
1447449	1737
23293	1738
203156	1739
226666	1740
203201	1741
382334	1742
658318	1743
215292	1744
143536	1745
2108436	1746
34379	1747
124776	1748
1642141	1749
81698	1750
43687	1751
1014356	1752
61039	1753
119552	1754
226912	1755
1273007	1756
291848	1757
4390	1758
1641622	1759
1651419	1760
126801	1761
887900	1762
1533047	1763
299151	1764
540908	1765
217970	1766
147794	1767
47439	1768
23342	1769
31123	1770
157637	1771
935575	1772
404522	1773
891085	1774
475824	1775
14732	1776
23062	1777
105395	1778
179194	1779
104659	1780
208216	1781
1532303	1782
267652	1783
43876	1784
103684	1785
195288	1786
1859	1787
42661	1788
32793	1789
749321	1790
13627	1791
649649	1792
268918	1793
757798	1794
1852867	1795
100692	1796
126117	1797
84314	1798
1211320	1799
20372	1800
1071116	1801
1299392	1802
115054	1803
1506689	1804
157811	1805
212725	1806
785069	1807
1397315	1808
163498	1809
160683	1810
634940	1811
169781	1812
281355	1813
647887	1814
726525	1815
1675782	1816
977410	1817
328491	1818
157064	1819
1897659	1820
180957	1821
1334941	1822
119492	1823
366861	1824
151276	1825
127364	1826
302337	1827
48220	1828
110320	1829
208087	1830
531829	1831
191179	1832
192462	1833
34715	1834
13268	1835
121015	1836
134117	1837
108050	1838
101091	1839
1513575	1840
1647813	1841
706932	1842
1420424	1843
268105	1844
1495449	1845
46338	1846
186066	1847
1588150	1848
132826	1849
541363	1850
387599	1851
352747	1852
687695	1853
407255	1854
85812	1855
1607420	1856
1000872	1857
115574	1858
994598	1859
200963	1860
1577797	1861
448	1862
1637234	1863
30962	1864
25503	1865
150077	1866
153436	1867
147154	1868
1951351	1869
167034	1870
359676	1871
71372	1872
581524	1873
113895	1874
138361	1875
33183	1876
105850	1877
534632	1878
256310	1879
93214	1880
1007351	1881
1294316	1882
1093968	1883
41977	1884
1549232	1885
47103	1886
192118	1887
127264	1888
114263	1889
208245	1890
51332	1891
575482	1892
778743	1893
264474	1894
237066	1895
20948	1896
366300	1897
349425	1898
910025	1899
155920	1900
307518	1901
92568	1902
878909	1903
472558	1904
1115406	1905
87994	1906
223258	1907
84559	1908
5602	1909
286303	1910
25107	1911
225490	1912
641161	1913
243312	1914
1881577	1915
206655	1916
381683	1917
631191	1918
310199	1919
284003	1920
78642	1921
1229473	1922
122813	1923
68538	1924
178625	1925
161180	1926
156167	1927
137312	1928
812703	1929
1641871	1930
324838	1931
772378	1932
267950	1933
155403	1934
71059	1935
363638	1936
192889	1937
233409	1938
882730	1939
182872	1940
1866536	1941
1516127	1942
638434	1943
418450	1944
26549	1945
207204	1946
155995	1947
1365098	1948
993723	1949
61103	1950
98349	1951
779610	1952
175435	1953
156864	1954
154593	1955
608243	1956
574532	1957
108197	1958
465216	1959
635331	1960
483423	1961
1270712	1962
1355723	1963
119893	1964
835940	1965
335092	1966
189466	1967
259201	1968
211910	1969
119321	1970
186553	1971
222875	1972
217790	1973
1896291	1974
1298567	1975
740594	1976
78374	1977
114980	1978
565375	1979
1505379	1980
1058765	1981
162519	1982
12242	1983
167896	1984
28081	1985
1112020	1986
1651473	1987
22706	1988
68215	1989
38100	1990
8348	1991
170345	1992
97271	1993
250100	1994
236356	1995
785344	1996
321422	1997
207354	1998
182128	1999
107902	2000
41727	2001
444700	2002
962399	2003
53570	2004
914197	2005
530598	2006
288787	2007
97343	2008
649203	2009
1354841	2010
554719	2011
73256	2012
96786	2013
91804	2014
859078	2015
351619	2016
299086	2017
105787	2018
1847324	2019
316063	2020
319171	2021
426071	2022
1341356	2023
210435	2024
35700	2025
1010107	2026
41864	2027
805963	2028
8094	2029
1593193	2030
230610	2031
2087934	2032
314340	2033
318103	2034
68037	2035
562121	2036
11892	2037
140739	2038
240014	2039
1379537	2040
922414	2041
33216	2042
1678699	2043
660672	2044
61020	2045
45152	2046
183889	2047
1548964	2048
72993	2049
192677	2050
4703	2051
1052324	2052
155744	2053
82387	2054
47497	2055
168224	2056
121117	2057
277888	2058
122853	2059
450193	2060
108674	2061
903110	2062
27354	2063
4957	2064
83045	2065
84410	2066
9650	2067
1212954	2068
95555	2069
120039	2070
1637761	2071
151196	2072
257262	2073
121416	2074
149093	2075
89237	2076
650087	2077
268945	2078
264232	2079
7759	2080
92140	2081
160694	2082
269198	2083
115373	2084
508838	2085
129722	2086
2698	2087
767556	2088
377486	2089
124230	2090
432334	2091
285638	2092
357910	2093
107517	2094
1042043	2095
435843	2096
597281	2097
1708079	2098
31900	2099
96865	2100
73067	2101
852090	2102
4279	2103
262598	2104
224522	2105
214723	2106
124820	2107
594832	2108
77899	2109
249569	2110
1737650	2111
1474025	2112
261201	2113
617792	2114
507153	2115
169672	2116
45550	2117
875605	2118
551725	2119
888648	2120
242110	2121
110346	2122
199864	2123
401345	2124
896461	2125
76866	2126
601947	2127
57890	2128
852189	2129
448039	2130
45288	2131
207327	2132
108988	2133
77652	2134
128290	2135
187958	2136
3566	2137
1517365	2138
1552207	2139
347123	2140
24923	2141
209805	2142
1671941	2143
1399261	2144
305256	2145
1415826	2146
1002026	2147
252467	2148
512075	2149
1607010	2150
217454	2151
1342410	2152
1643107	2153
335116	2154
295486	2155
33198	2156
185988	2157
102721	2158
24601	2159
169558	2160
98561	2161
137015	2162
54678	2163
54499	2164
176503	2165
448535	2166
92881	2167
126786	2168
1889459	2169
98837	2170
183072	2171
142175	2172
305894	2173
191928	2174
3622	2175
96278	2176
30419	2177
1087745	2178
1060671	2179
190920	2180
43375	2181
51947	2182
104557	2183
2101670	2184
54985	2185
366247	2186
95339	2187
216794	2188
60748	2189
222285	2190
365899	2191
13395	2192
117299	2193
840740	2194
448383	2195
427889	2196
12441	2197
111856	2198
134931	2199
474750	2200
367955	2201
110207	2202
109774	2203
5009	2204
287424	2205
31976	2206
185429	2207
180657	2208
71805	2209
17969	2210
153605	2211
307832	2212
4894	2213
480287	2214
2423	2215
78483	2216
211472	2217
888753	2218
90547	2219
1665020	2220
109324	2221
372213	2222
665914	2223
208461	2224
126555	2225
252081	2226
181019	2227
1535115	2228
274235	2229
873866	2230
599015	2231
22199	2232
104277	2233
539022	2234
173980	2235
1472	2236
19678	2237
31102	2238
224322	2239
861888	2240
152631	2241
92546	2242
81134	2243
357337	2244
124909	2245
209788	2246
200128	2247
108656	2248
477279	2249
169374	2250
685911	2251
32123	2252
130326	2253
402681	2254
966100	2255
68096	2256
702698	2257
238820	2258
382382	2259
92896	2260
1634181	2261
138684	2262
1899626	2263
1508844	2264
31415	2265
75991	2266
83195	2267
76239	2268
396891	2269
241273	2270
94430	2271
25964	2272
21382	2273
1159715	2274
113043	2275
85514	2276
1562920	2277
772990	2278
84046	2279
43452	2280
2113198	2281
9071	2282
237983	2283
147983	2284
295517	2285
237574	2286
183276	2287
126363	2288
217841	2289
1156090	2290
55455	2291
480303	2292
647950	2293
347370	2294
751668	2295
688954	2296
553369	2297
174692	2298
116696	2299
101112	2300
104516	2301
180233	2302
538830	2303
13389	2304
948694	2305
97922	2306
1486209	2307
100691	2308
192504	2309
173624	2310
1720114	2311
121464	2312
84777	2313
42904	2314
40263	2315
134380	2316
1627957	2317
102200	2318
470568	2319
101106	2320
95621	2321
603233	2322
186441	2323
1412147	2324
588032	2325
538136	2326
235535	2327
567393	2328
208928	2329
295629	2330
630289	2331
181471	2332
585423	2333
54836	2334
1757131	2335
802150	2336
381228	2337
104050	2338
311798	2339
148220	2340
65052	2341
83928	2342
62241	2343
1207189	2344
89531	2345
619227	2346
1641606	2347
392313	2348
595591	2349
362586	2350
159694	2351
1416803	2352
907995	2353
1500198	2354
87593	2355
84954	2356
175939	2357
800100	2358
1039453	2359
132734	2360
2452	2361
4907	2362
288974	2363
53178	2364
399912	2365
4595	2366
36785	2367
374283	2368
333536	2369
402771	2370
370802	2371
99759	2372
102032	2373
1412657	2374
89812	2375
143345	2376
254504	2377
1095056	2378
633332	2379
2127492	2380
310528	2381
31018	2382
153392	2383
415554	2384
183850	2385
1016128	2386
1409053	2387
91257	2388
72160	2389
634853	2390
1966910	2391
138606	2392
91610	2393
544182	2394
1941108	2395
620151	2396
109199	2397
347157	2398
11150	2399
1543079	2400
43316	2401
158163	2402
79555	2403
1924636	2404
1050733	2405
40844	2406
890882	2407
72740	2408
176151	2409
231740	2410
635394	2411
148592	2412
1563336	2413
1004258	2414
58912	2415
259900	2416
1209309	2417
116699	2418
195486	2419
371117	2420
78	2421
448758	2422
241074	2423
1398995	2424
1427840	2425
73820	2426
180597	2427
122882	2428
173765	2429
358678	2430
1011064	2431
1551146	2432
625808	2433
2087087	2434
1159390	2435
452522	2436
636067	2437
272664	2438
1733193	2439
814904	2440
493487	2441
27083	2442
951179	2443
239907	2444
161082	2445
118201	2446
1070031	2447
104926	2448
199785	2449
1060878	2450
78285	2451
17476	2452
1253583	2453
2078298	2454
92565	2455
974574	2456
730304	2457
799059	2458
203769	2459
186344	2460
240054	2461
25277	2462
178493	2463
192656	2464
258652	2465
277468	2466
30658	2467
594489	2468
168894	2469
547812	2470
3209	2471
604764	2472
414774	2473
295866	2474
561994	2475
50244	2476
509848	2477
76420	2478
979236	2479
873649	2480
50539	2481
133718	2482
352631	2483
1211187	2484
1447862	2485
1413300	2486
21896	2487
147998	2488
148057	2489
177940	2490
397816	2491
227802	2492
156210	2493
1974141	2494
106432	2495
514794	2496
100911	2497
77404	2498
110475	2499
394274	2500
830280	2501
594095	2502
128059	2503
671402	2504
315195	2505
804953	2506
178204	2507
180714	2508
388358	2509
1005693	2510
207422	2511
132704	2512
152066	2513
642317	2514
153855	2515
127739	2516
6002	2517
665308	2518
283521	2519
311830	2520
48216	2521
118367	2522
1440071	2523
146396	2524
383869	2525
752278	2526
1060640	2527
156561	2528
993608	2529
54110	2530
134379	2531
1106384	2532
54766	2533
390614	2534
224285	2535
308079	2536
272304	2537
196235	2538
16552	2539
1138621	2540
181276	2541
54328	2542
145027	2543
854	2544
1573641	2545
1073400	2546
206370	2547
1378786	2548
122207	2549
190372	2550
97542	2551
961087	2552
82968	2553
2086370	2554
34062	2555
28489	2556
511055	2557
22993	2558
188641	2559
43674	2560
130022	2561
60672	2562
93065	2563
344602	2564
114748	2565
231941	2566
1179050	2567
1004796	2568
944425	2569
323312	2570
167858	2571
47331	2572
255737	2573
365741	2574
1966412	2575
220603	2576
107610	2577
54189	2578
180217	2579
57267	2580
1245520	2581
1442126	2582
279015	2583
156090	2584
144512	2585
580541	2586
1098261	2587
73302	2588
12865	2589
44360	2590
794630	2591
539385	2592
73399	2593
33100	2594
413005	2595
221750	2596
34391	2597
31647	2598
78088	2599
228812	2600
53845	2601
1656553	2602
108466	2603
958748	2604
2106867	2605
671143	2606
69090	2607
1337218	2608
4796	2609
40595	2610
873751	2611
175434	2612
59374	2613
171924	2614
377114	2615
1225706	2616
237420	2617
275	2618
265550	2619
69578	2620
836684	2621
15896	2622
162573	2623
93184	2624
266975	2625
112696	2626
297838	2627
812593	2628
140497	2629
196366	2630
108507	2631
290234	2632
108723	2633
149893	2634
224200	2635
122914	2636
286712	2637
291690	2638
107201	2639
389470	2640
10040	2641
675361	2642
174220	2643
108246	2644
996319	2645
89127	2646
113728	2647
1049731	2648
83067	2649
326398	2650
62570	2651
1770542	2652
160803	2653
154502	2654
368875	2655
11117	2656
85951	2657
227136	2658
118182	2659
233478	2660
883073	2661
92747	2662
219560	2663
2366	2664
33309	2665
45130	2666
7525	2667
368432	2668
92942	2669
1258051	2670
1492393	2671
1196726	2672
111624	2673
1171976	2674
234208	2675
180632	2676
169059	2677
400980	2678
106696	2679
1450492	2680
73830	2681
1366532	2682
1647427	2683
1350697	2684
110592	2685
305072	2686
37714	2687
1175880	2688
105552	2689
287198	2690
330381	2691
40225	2692
313270	2693
1182624	2694
245478	2695
1394158	2696
1400675	2697
1616673	2698
201183	2699
1482702	2700
146543	2701
852640	2702
269965	2703
499000	2704
338083	2705
83714	2706
26511	2707
274051	2708
39651	2709
1194766	2710
365101	2711
202529	2712
436989	2713
198593	2714
130091	2715
224468	2716
16285	2717
1203290	2718
752912	2719
98982	2720
306362	2721
111750	2722
38482	2723
291580	2724
319890	2725
1018044	2726
84475	2727
261513	2728
329860	2729
561848	2730
49415	2731
131320	2732
95293	2733
1612599	2734
304834	2735
836805	2736
359088	2737
87614	2738
127921	2739
204074	2740
258117	2741
473114	2742
411546	2743
1860812	2744
137394	2745
186383	2746
537615	2747
144307	2748
540	2749
34802	2750
127045	2751
31607	2752
117074	2753
1446783	2754
1111039	2755
4766	2756
50834	2757
1705660	2758
290243	2759
10967	2760
95790	2761
420740	2762
171813	2763
178865	2764
151338	2765
975787	2766
21661	2767
4445	2768
468265	2769
97953	2770
75607	2771
17042	2772
139872	2773
125700	2774
249711	2775
2393	2776
1495963	2777
268419	2778
604087	2779
161714	2780
279634	2781
88088	2782
1088527	2783
131560	2784
1303241	2785
1374199	2786
259717	2787
1182432	2788
109524	2789
100462	2790
864018	2791
75089	2792
87279	2793
91621	2794
107081	2795
12402	2796
595663	2797
313275	2798
324983	2799
711323	2800
47573	2801
19538	2802
211548	2803
287329	2804
320247	2805
1027582	2806
71949	2807
1958689	2808
1647048	2809
559994	2810
410417	2811
185506	2812
241468	2813
361903	2814
331144	2815
101316	2816
1088953	2817
2028192	2818
202651	2819
1034551	2820
1791482	2821
436516	2822
167044	2823
48150	2824
72161	2825
392668	2826
210054	2827
116253	2828
1544581	2829
441183	2830
816253	2831
899760	2832
350247	2833
47843	2834
28828	2835
1721	2836
1590348	2837
245856	2838
1359669	2839
806	2840
207420	2841
1321287	2842
113465	2843
717651	2844
275332	2845
1829898	2846
291345	2847
512042	2848
6157	2849
1244376	2850
64231	2851
76830	2852
290107	2853
87201	2854
312033	2855
420209	2856
100158	2857
1671328	2858
825875	2859
428897	2860
61956	2861
394267	2862
12645	2863
420339	2864
290289	2865
407023	2866
163147	2867
278066	2868
198	2869
1744698	2870
260235	2871
123949	2872
33416	2873
268846	2874
32113	2875
184780	2876
1772955	2877
42144	2878
215942	2879
82200	2880
57883	2881
901453	2882
441280	2883
320080	2884
966874	2885
5987	2886
88602	2887
58995	2888
918652	2889
1180679	2890
137737	2891
51357	2892
220779	2893
39789	2894
192373	2895
163789	2896
173934	2897
114511	2898
10122	2899
77688	2900
511736	2901
302355	2902
114859	2903
64580	2904
422757	2905
117689	2906
220985	2907
6891	2908
141830	2909
414060	2910
351932	2911
149915	2912
294411	2913
705855	2914
770921	2915
439037	2916
70791	2917
182550	2918
753620	2919
37518	2920
37575	2921
670594	2922
67602	2923
278038	2924
19483	2925
101401	2926
151160	2927
253863	2928
209334	2929
209252	2930
100439	2931
1091439	2932
16527	2933
21610	2934
80590	2935
338212	2936
15844	2937
1434728	2938
263414	2939
187064	2940
1305970	2941
421213	2942
292031	2943
991195	2944
85342	2945
1026211	2946
201373	2947
61232	2948
3687	2949
86614	2950
676032	2951
313800	2952
134763	2953
52803	2954
68425	2955
352905	2956
169722	2957
148810	2958
450974	2959
445363	2960
200470	2961
728227	2962
48858	2963
902871	2964
177120	2965
194539	2966
19785	2967
263418	2968
2130904	2969
181750	2970
922898	2971
210453	2972
12195	2973
1367653	2974
152331	2975
1007216	2976
52731	2977
64650	2978
65176	2979
133016	2980
161573	2981
208641	2982
272102	2983
556917	2984
540852	2985
692905	2986
1154507	2987
54387	2988
53318	2989
313842	2990
1132677	2991
880426	2992
59326	2993
198968	2994
332472	2995
156794	2996
178664	2997
283214	2998
62082	2999
137935	3000
6871	3001
1370641	3002
506738	3003
160773	3004
1699504	3005
98359	3006
44652	3007
47890	3008
5571	3009
74423	3010
44699	3011
728265	3012
547243	3013
294470	3014
53466	3015
34195	3016
941264	3017
1104271	3018
879703	3019
114086	3020
1446644	3021
109444	3022
205271	3023
23272	3024
389955	3025
146387	3026
156260	3027
78911	3028
141697	3029
857331	3030
996998	3031
111494	3032
1562284	3033
3748	3034
1201478	3035
71794	3036
291800	3037
141687	3038
1305814	3039
549549	3040
585944	3041
108608	3042
1146216	3043
167701	3044
433165	3045
63764	3046
1357266	3047
178217	3048
36848	3049
107542	3050
288514	3051
1538835	3052
836475	3053
178555	3054
133644	3055
335772	3056
1110161	3057
97226	3058
18913	3059
315587	3060
52506	3061
186968	3062
219649	3063
170547	3064
1213785	3065
116931	3066
197776	3067
1721834	3068
176006	3069
994852	3070
951384	3071
171437	3072
138892	3073
85784	3074
20782	3075
222171	3076
232079	3077
483896	3078
889669	3079
776669	3080
171161	3081
966698	3082
1001089	3083
1285561	3084
112239	3085
1374351	3086
50369	3087
307152	3088
11156	3089
222257	3090
146548	3091
758428	3092
123932	3093
445164	3094
549095	3095
6723	3096
41438	3097
125168	3098
171710	3099
127826	3100
134938	3101
56430	3102
1024963	3103
1389	3104
1725794	3105
968330	3106
292716	3107
1372425	3108
158496	3109
98512	3110
218065	3111
254170	3112
260717	3113
2040245	3114
181912	3115
7713	3116
99162	3117
130500	3118
171503	3119
1084706	3120
115050	3121
440913	3122
32524	3123
715189	3124
1425836	3125
621346	3126
1122047	3127
181448	3128
13091	3129
52838	3130
161061	3131
269767	3132
27315	3133
124047	3134
326666	3135
530003	3136
3843	3137
1037227	3138
317622	3139
383035	3140
1096110	3141
1089128	3142
1345426	3143
55842	3144
137486	3145
44605	3146
192053	3147
89753	3148
147328	3149
345609	3150
52214	3151
595022	3152
95548	3153
167785	3154
21264	3155
146195	3156
143668	3157
397995	3158
53269	3159
148581	3160
605651	3161
199116	3162
39728	3163
1415337	3164
231803	3165
131850	3166
71806	3167
292370	3168
1157476	3169
140985	3170
105402	3171
154039	3172
1209973	3173
22903	3174
169582	3175
787509	3176
144931	3177
243775	3178
82324	3179
494531	3180
47476	3181
380328	3182
171307	3183
96887	3184
1230079	3185
58500	3186
126237	3187
1543152	3188
383407	3189
225398	3190
57557	3191
967175	3192
65750	3193
102862	3194
110293	3195
453311	3196
102806	3197
500691	3198
706013	3199
61420	3200
1344506	3201
176447	3202
1732730	3203
267997	3204
247545	3205
1213	3206
294727	3207
1482436	3208
48667	3209
11891	3210
316484	3211
220981	3212
859681	3213
217581	3214
581	3215
125864	3216
521543	3217
352888	3218
742802	3219
1605934	3220
121252	3221
73997	3222
144404	3223
12343	3224
594674	3225
60494	3226
291812	3227
266502	3228
89148	3229
109338	3230
2042929	3231
33828	3232
139185	3233
7152	3234
81002	3235
111873	3236
869342	3237
76065	3238
68292	3239
233157	3240
1338469	3241
2001444	3242
167138	3243
1176476	3244
482220	3245
887927	3246
145307	3247
173082	3248
144954	3249
36696	3250
373364	3251
9845	3252
651859	3253
333475	3254
1069064	3255
1615194	3256
450724	3257
71067	3258
517396	3259
5442	3260
64763	3261
651362	3262
115576	3263
668129	3264
350175	3265
15960	3266
37019	3267
207320	3268
125467	3269
321113	3270
11247	3271
369356	3272
1622072	3273
150721	3274
1286140	3275
71770	3276
58320	3277
335089	3278
1345432	3279
1806930	3280
480402	3281
144533	3282
1163208	3283
131855	3284
116524	3285
1289900	3286
102508	3287
119987	3288
649221	3289
294713	3290
301351	3291
1194779	3292
427650	3293
791919	3294
1982178	3295
94152	3296
709678	3297
130233	3298
3405	3299
766123	3300
303580	3301
20842	3302
172440	3303
140545	3304
98529	3305
57693	3306
210577	3307
178084	3308
1544674	3309
53054	3310
196167	3311
1169119	3312
45192	3313
1393267	3314
247883	3315
260306	3316
155252	3317
1086754	3318
217973	3319
237226	3320
955928	3321
863360	3322
87048	3323
178595	3324
1464871	3325
129906	3326
56265	3327
981552	3328
146290	3329
307265	3330
67271	3331
54057	3332
260547	3333
35791	3334
317942	3335
706246	3336
297436	3337
730174	3338
37017	3339
1374352	3340
80425	3341
256549	3342
674104	3343
267244	3344
47034	3345
155458	3346
1322955	3347
36643	3348
956786	3349
261428	3350
2088443	3351
163898	3352
695644	3353
244074	3354
116941	3355
28993	3356
1293883	3357
172834	3358
420573	3359
188374	3360
439085	3361
345121	3362
364404	3363
60701	3364
575110	3365
100566	3366
140293	3367
287801	3368
6138	3369
67339	3370
257651	3371
29742	3372
295	3373
118735	3374
514475	3375
286223	3376
86357	3377
274405	3378
177500	3379
137590	3380
268696	3381
66904	3382
988667	3383
606943	3384
718856	3385
131328	3386
495744	3387
4039	3388
240281	3389
136434	3390
345326	3391
268392	3392
72967	3393
682094	3394
140023	3395
336887	3396
126956	3397
192287	3398
319717	3399
700194	3400
22168	3401
39019	3402
1181457	3403
52645	3404
40717	3405
98041	3406
116639	3407
13178	3408
1052743	3409
214179	3410
315443	3411
111857	3412
37659	3413
252769	3414
434560	3415
348049	3416
1007299	3417
1514894	3418
800224	3419
113089	3420
848230	3421
15973	3422
85241	3423
1109480	3424
179110	3425
78503	3426
67851	3427
105381	3428
212542	3429
295005	3430
298446	3431
433541	3432
1465996	3433
1015651	3434
408405	3435
729463	3436
1158414	3437
51260	3438
375048	3439
137612	3440
30937	3441
51478	3442
478196	3443
128384	3444
43029	3445
2032119	3446
22388	3447
215722	3448
145312	3449
267714	3450
25889	3451
529514	3452
196989	3453
1904231	3454
130681	3455
36892	3456
320321	3457
100090	3458
48037	3459
71024	3460
1488	3461
115410	3462
129284	3463
257700	3464
53280	3465
778063	3466
147249	3467
1042318	3468
10917	3469
620893	3470
149715	3471
1093292	3472
1270713	3473
617397	3474
221248	3475
113989	3476
132254	3477
65527	3478
219958	3479
138706	3480
1380338	3481
163745	3482
231315	3483
104164	3484
12392	3485
1443528	3486
221968	3487
128614	3488
77598	3489
776090	3490
61779	3491
97641	3492
231778	3493
116313	3494
179543	3495
622598	3496
465098	3497
224098	3498
653109	3499
215661	3500
63191	3501
812734	3502
250662	3503
1901090	3504
273235	3505
160463	3506
51813	3507
240413	3508
139402	3509
1487731	3510
293703	3511
325994	3512
169916	3513
1794098	3514
182768	3515
462710	3516
142259	3517
64521	3518
623460	3519
207882	3520
66367	3521
14072	3522
151365	3523
154142	3524
995049	3525
267128	3526
340254	3527
45621	3528
190702	3529
298403	3530
311277	3531
66568	3532
214851	3533
257669	3534
188172	3535
226467	3536
952290	3537
177817	3538
75320	3539
411145	3540
230323	3541
1679987	3542
253770	3543
90185	3544
328999	3545
27466	3546
97661	3547
197682	3548
119947	3549
34024	3550
1115438	3551
370929	3552
191033	3553
1992054	3554
104843	3555
299167	3556
79587	3557
85176	3558
216196	3559
202635	3560
184136	3561
447850	3562
51303	3563
106685	3564
968807	3565
697339	3566
85965	3567
337341	3568
524329	3569
1561161	3570
389633	3571
46114	3572
110926	3573
163346	3574
98227	3575
131745	3576
1436240	3577
340133	3578
211084	3579
80761	3580
898254	3581
89755	3582
326199	3583
111636	3584
1877	3585
75580	3586
698713	3587
100913	3588
1801619	3589
545084	3590
194658	3591
19587	3592
147357	3593
1376884	3594
202632	3595
88958	3596
279974	3597
1386757	3598
125098	3599
1122127	3600
136611	3601
207298	3602
995166	3603
1586713	3604
104290	3605
1645771	3606
53516	3607
12894	3608
51692	3609
345310	3610
25193	3611
41551	3612
220474	3613
257102	3614
7174	3615
1933673	3616
110849	3617
2008056	3618
16849	3619
750481	3620
277407	3621
286347	3622
243164	3623
1554656	3624
190639	3625
291529	3626
43539	3627
505839	3628
1842668	3629
295045	3630
356588	3631
58328	3632
201647	3633
1314018	3634
222831	3635
86519	3636
134888	3637
168108	3638
91229	3639
195185	3640
196545	3641
8123	3642
161973	3643
134662	3644
10871	3645
165854	3646
524268	3647
664906	3648
121575	3649
432045	3650
366884	3651
141578	3652
14440	3653
1459826	3654
368888	3655
257153	3656
354000	3657
396503	3658
2163218	3659
342049	3660
183662	3661
55406	3662
342760	3663
49770	3664
81375	3665
1628221	3666
154001	3667
448905	3668
1951217	3669
259950	3670
80586	3671
99267	3672
61116	3673
1456470	3674
1012960	3675
102305	3676
77480	3677
1210714	3678
165930	3679
32378	3680
422296	3681
71993	3682
932018	3683
1022410	3684
495192	3685
396494	3686
641919	3687
282355	3688
100960	3689
17197	3690
257006	3691
236985	3692
377594	3693
437289	3694
796983	3695
1245066	3696
95542	3697
408809	3698
1459784	3699
182288	3700
252627	3701
1494483	3702
2532	3703
168623	3704
55432	3705
14352	3706
208065	3707
1245328	3708
77835	3709
100987	3710
632876	3711
215663	3712
94619	3713
374266	3714
46361	3715
145220	3716
158302	3717
1650580	3718
179881	3719
1017019	3720
1330174	3721
1600860	3722
71158	3723
187211	3724
6744	3725
123234	3726
109560	3727
775189	3728
312452	3729
198291	3730
141850	3731
953548	3732
69970	3733
1956607	3734
166756	3735
297948	3736
67970	3737
195415	3738
40412	3739
82551	3740
966167	3741
7484	3742
1452463	3743
1612618	3744
91656	3745
133914	3746
215673	3747
1315218	3748
35422	3749
1535667	3750
956618	3751
121428	3752
1744982	3753
1306641	3754
877142	3755
1011634	3756
52211	3757
122450	3758
61571	3759
5232	3760
83150	3761
9102	3762
171697	3763
208607	3764
121621	3765
253743	3766
1100384	3767
743485	3768
747923	3769
1119382	3770
1748223	3771
148766	3772
69570	3773
718610	3774
115358	3775
93687	3776
60326	3777
8765	3778
665899	3779
751342	3780
295811	3781
299399	3782
491991	3783
80904	3784
175650	3785
83500	3786
65489	3787
301522	3788
1412031	3789
172763	3790
301362	3791
226219	3792
4489	3793
147140	3794
97561	3795
635596	3796
93168	3797
230288	3798
955599	3799
1110358	3800
62013	3801
332422	3802
129302	3803
140980	3804
367980	3805
126897	3806
141985	3807
114305	3808
172087	3809
8357	3810
302074	3811
1090156	3812
145618	3813
170964	3814
55927	3815
864290	3816
330989	3817
655927	3818
87570	3819
107814	3820
219454	3821
21409	3822
178928	3823
433516	3824
206228	3825
30059	3826
931687	3827
684904	3828
185137	3829
110989	3830
372179	3831
1258961	3832
208600	3833
22456	3834
50837	3835
215675	3836
79484	3837
18040	3838
8101	3839
123257	3840
23689	3841
139916	3842
63228	3843
452235	3844
262251	3845
75872	3846
161969	3847
475966	3848
49899	3849
164822	3850
655882	3851
2013036	3852
307984	3853
846138	3854
144034	3855
160392	3856
30528	3857
133326	3858
1261512	3859
64891	3860
205962	3861
36766	3862
35561	3863
36049	3864
420525	3865
12779	3866
210639	3867
140272	3868
375527	3869
99458	3870
1617099	3871
53143	3872
174097	3873
591470	3874
141663	3875
994670	3876
166613	3877
1790664	3878
31329	3879
56449	3880
1503805	3881
1629433	3882
248057	3883
13666	3884
355359	3885
976919	3886
95098	3887
7812	3888
18311	3889
396925	3890
74817	3891
363226	3892
1299206	3893
8349	3894
202724	3895
227028	3896
245521	3897
1071365	3898
121521	3899
352083	3900
302553	3901
249175	3902
1573659	3903
28116	3904
74151	3905
265881	3906
129591	3907
164348	3908
1708343	3909
190763	3910
333148	3911
70128	3912
1228113	3913
124315	3914
13393	3915
1661157	3916
118251	3917
136881	3918
37681	3919
611641	3920
20774	3921
307001	3922
27634	3923
347399	3924
379449	3925
108179	3926
939090	3927
429891	3928
108821	3929
94993	3930
745987	3931
364046	3932
654148	3933
217298	3934
212192	3935
354552	3936
334991	3937
1348058	3938
99557	3939
203068	3940
1039049	3941
1416891	3942
330175	3943
223103	3944
316535	3945
287566	3946
1852929	3947
35870	3948
327672	3949
105336	3950
756629	3951
98482	3952
706005	3953
294491	3954
752923	3955
84579	3956
9618	3957
246100	3958
73576	3959
275391	3960
109467	3961
166685	3962
429032	3963
1812514	3964
46004	3965
932974	3966
233629	3967
308897	3968
294510	3969
97959	3970
95553	3971
545161	3972
786953	3973
368310	3974
146261	3975
163878	3976
486578	3977
340588	3978
337230	3979
503878	3980
211903	3981
938742	3982
24726	3983
108210	3984
130960	3985
771154	3986
130153	3987
315653	3988
517255	3989
36143	3990
349248	3991
1486195	3992
863870	3993
141070	3994
283798	3995
66315	3996
156265	3997
71971	3998
134107	3999
332202	4000
136309	4001
6227	4002
144648	4003
5712	4004
603075	4005
3649	4006
129502	4007
1535388	4008
159346	4009
127398	4010
457507	4011
178279	4012
1324662	4013
1907980	4014
209491	4015
78988	4016
52201	4017
164583	4018
998495	4019
97886	4020
121941	4021
1427711	4022
916138	4023
56167	4024
251890	4025
498776	4026
281627	4027
123637	4028
680473	4029
84747	4030
30582	4031
177283	4032
103658	4033
332830	4034
98381	4035
700474	4036
205504	4037
26555	4038
971358	4039
8042	4040
362667	4041
64074	4042
963083	4043
153517	4044
558851	4045
78295	4046
434432	4047
906719	4048
855404	4049
90042	4050
129789	4051
114775	4052
103735	4053
1671332	4054
97645	4055
43193	4056
74238	4057
149095	4058
218723	4059
68576	4060
1298236	4061
1222750	4062
854597	4063
1097156	4064
40288	4065
118803	4066
103203	4067
283	4068
1218646	4069
621945	4070
1795714	4071
90591	4072
51794	4073
117046	4074
47320	4075
150522	4076
1132933	4077
32780	4078
34187	4079
202797	4080
2107405	4081
1630467	4082
777109	4083
569852	4084
