1106	2383
77	176
2234	766
759	2724
2230	855
1175	553
1289	1119
1902	1845
3390	1490
905	664
443	2247
2236	705
620	467
3258	2545
1638	863
1335	966
2932	2415
677	1255
2840	582
93	2276
486	1468
2826	1385
387	2173
1524	3159
2701	902
1572	2272
1355	2096
388	2793
1574	155
3382	1256
3318	1452
1922	3126
693	969
2037	540
2434	675
281	1048
2940	2658
845	1049
1690	2653
913	375
1431	2708
388	66
1067	3471
981	409
1515	903
2547	3086
2677	2233
1800	2992
3216	1221
864	3400
1400	1494
3263	2735
1364	2795
2953	1943
2995	51
3212	1986
1912	786
1071	3102
2033	1905
786	3148
1442	2485
1431	2395
527	186
2932	3367
2028	969
2131	1513
3376	2804
166	1546
2722	1692
3471	1553
3304	2361
1239	693
1210	227
388	1363
1199	874
1769	2854
3157	1439
3347	385
1469	1322
2047	3134
774	2562
727	3394
577	1105
3241	491
1287	2436
1145	1707
2522	1882
2063	2953
757	1406
418	1774
2806	3277
1516	3296
388	3013
2525	571
382	2256
311	2365
1809	14
2230	3366
1828	2435
123	2875
214	1620
896	2138
2362	3429
2562	3269
388	1028
2687	1706
1010	646
851	142
3080	421
622	1098
347	574
2896	2279
709	1242
3446	948
1924	2490
542	62
1058	1970
2674	2282
2095	1233
3428	2733
3106	1315
2014	613
2831	2037
2239	3043
1558	3183
727	2187
1313	1594
598	2097
2028	2887
3001	1358
1017	123
556	2689
1631	1328
416	176
3347	775
3044	585
398	561
95	3165
1273	1958
95	562
3382	2847
2237	677
963	5
1541	595
3346	2186
1733	2110
507	3305
3258	284
1659	499
154	1432
1576	981
1138	1247
1147	1983
1116	2082
3232	2643
1519	1762
632	1963
1955	283
3258	1114
636	111
2905	1752
864	2905
440	775
3054	2466
95	3129
2227	2491
378	1022
1151	799
2031	1565
1028	2192
278	812
1363	439
2244	100
583	1624
942	419
1924	594
2842	900
968	57
870	2464
1616	65
1939	901
1901	594
40	445
2888	1007
193	1062
2236	3348
1219	2593
1037	1353
2456	2556
979	1551
3236	2944
1766	2408
1787	1136
1954	1362
388	2948
230	1954
2254	1278
2695	274
468	2311
908	1350
303	3035
1232	69
639	2610
821	1963
3044	2383
2837	918
2808	2499
2332	1565
1613	1798
3199	1277
0	3150
388	410
2701	2653
3031	1052
388	2217
845	2316
1139	218
191	2693
2421	2879
2868	1915
388	2579
1427	3139
968	2221
3031	2676
1643	2257
1014	1065
976	140
1120	2505
1410	757
2574	1922
1099	1249
2720	2214
1232	3352
843	2405
1551	2404
709	2922
543	3164
2797	3133
1416	3130
1503	1629
3478	533
2163	2335
2083	2665
2880	2838
1355	2329
3390	238
3405	3234
2099	2138
1421	606
601	1046
2249	1721
475	3321
653	2938
2616	3315
1395	1297
1427	2682
834	589
311	753
2244	2930
1944	1757
1571	279
3176	226
624	1394
1922	1280
805	3220
24	3237
3006	3299
1139	1296
2162	1718
335	561
2492	2615
1844	323
944	2445
2934	1810
2791	2249
919	531
1558	2513
2522	1717
3347	326
810	2531
1063	1989
1053	1415
2772	905
979	2892
1014	2385
3368	1851
952	2073
218	949
116	3277
3261	2244
119	2046
327	2246
2616	143
2233	1494
3182	3291
1698	1698
1468	1077
1377	178
3049	324
2073	1836
1300	1864
993	3038
333	2791
3241	539
786	1606
3157	2417
1486	1659
1957	328
73	1566
2471	52
948	3011
2306	2368
764	3434
73	1688
1089	1859
2838	2233
705	623
1010	2866
3222	1292
709	1588
2602	2840
3446	2359
2439	2607
88	2294
751	2259
1234	1534
2571	387
1486	2449
1168	2462
764	892
1839	2214
2306	3004
2020	2556
1233	977
297	220
1677	1691
732	3114
3044	929
1562	3382
2064	1105
1616	2159
1769	315
2403	1111
417	3465
2877	1866
1014	3396
2063	1143
2522	2428
1452	635
2114	347
2063	1611
388	812
3257	3374
2515	2421
218	2292
747	3401
3385	1528
636	1922
400	307
200	3034
152	1479
3471	3360
2617	1084
400	1890
1827	3077
3359	68
503	2347
3054	2450
627	3236
418	2858
2923	2271
388	1211
324	1110
218	667
2239	530
1734	1150
2900	493
2172	2975
2461	2652
959	3084
141	2861
2385	681
1285	1549
2194	2783
920	3282
376	2625
2339	3374
535	665
2944	2551
116	2552
1852	888
388	2656
1260	1656
2347	373
1432	3278
3031	2734
311	3167
2786	2774
1507	1815
779	1247
2450	595
1736	1053
2491	306
1606	769
372	56
251	3105
316	3413
3031	3391
598	1836
3447	2254
2644	1856
2312	2227
210	88
2545	2767
42	2822
3044	959
1767	611
2984	1454
74	3345
532	1613
1573	3110
597	763
1562	1552
1762	741
1150	356
1141	418
3031	3255
1216	2884
2492	2769
3136	2896
1140	2051
388	545
2345	2449
689	1567
2674	1094
2788	124
146	1075
1199	2393
3006	1395
2305	3225
1056	1385
1323	554
2820	2472
2440	1041
875	3084
3111	1318
786	3295
2322	3407
2861	878
870	3204
316	3178
2680	2615
2302	3272
1558	988
2928	1058
1067	1476
2995	1121
1084	1978
2511	1800
2919	446
1164	627
767	1095
2108	2447
1982	3035
2346	1207
2838	2748
1956	677
388	379
1613	1117
388	2506
756	3122
2940	1664
475	526
1833	2589
535	148
997	1848
281	501
943	1078
535	2003
388	1195
1588	2094
3333	607
3312	1359
2226	1969
1135	1725
3216	994
3010	2468
3438	2002
2075	2171
1183	1811
1649	385
3157	1469
2805	2303
618	932
676	2814
1400	1250
2522	124
284	282
2616	1205
314	776
2753	2462
1296	1983
1363	3094
999	1002
2373	250
3232	2032
1360	632
885	2195
1260	1173
2553	1317
1139	2408
696	985
242	115
2091	1468
598	2684
938	2585
3004	1878
1367	326
1574	456
569	807
1395	739
1370	3112
1718	930
1571	1504
647	3213
636	811
2231	1158
1086	2181
2511	1143
400	927
73	3030
1677	2799
402	339
3022	2976
972	1171
1289	1937
2713	886
1442	236
870	2329
1585	525
1014	1901
2080	2254
911	2424
2896	389
2616	3259
416	2872
936	3088
3202	533
3031	2894
2993	2302
73	1634
218	2758
3330	1844
2062	1701
3459	2808
688	188
744	3193
2608	2159
639	2951
251	2055
709	2718
1821	2051
2112	1540
864	942
2932	2934
2325	959
630	893
535	2403
2151	63
1151	514
896	2653
1508	1134
1739	891
3405	3321
2859	1987
2667	2723
1548	2203
299	528
1388	207
491	2233
1285	407
1175	490
414	679
1818	2185
968	414
3167	2591
1649	2670
3387	1408
587	2065
885	1088
1613	2670
230	664
2960	3411
963	2048
812	1896
2255	1617
2919	637
2291	1255
2014	218
1844	2723
1574	2908
2288	3378
580	1193
3253	2929
400	1516
1620	1139
1718	3018
3139	879
786	1209
2859	302
1038	1660
1067	2455
3200	2607
3376	1309
388	217
236	3199
3385	2287
856	3434
3346	835
1282	2478
601	2258
214	1474
1067	1529
418	3185
3326	3108
2336	2180
2023	282
3443	269
2099	3382
589	1231
1432	3226
388	1335
1059	894
388	1114
535	1721
3044	3365
2805	67
388	1732
1345	956
3326	2929
165	1047
1912	2890
2522	714
3420	3078
1655	2879
798	3134
1551	2460
3007	2765
375	2899
1770	1215
1416	940
3258	2910
1801	1474
2294	1482
786	2530
218	2138
1017	2030
3002	2928
2336	116
3241	893
3314	2588
1067	2672
2014	1181
360	3410
2701	1582
1050	938
3215	809
3017	3290
3326	2542
2428	421
515	1085
627	2871
145	2357
1207	3478
587	2459
563	2139
203	829
1507	3238
311	495
759	3329
1336	1441
3390	1798
1165	1322
1961	164
218	135
1159	3259
1632	3464
2198	3325
193	3064
2617	1324
3221	1852
2291	2037
1001	1610
3200	2936
3112	1566
214	2268
2918	667
613	2734
388	2499
400	283
1260	2246
558	2771
2855	2506
1017	3402
502	2179
285	1747
1651	172
1653	1060
2047	2152
2624	912
995	3316
1360	1872
940	616
1721	1183
845	2968
963	347
1861	2011
938	659
1822	1667
1595	1046
1416	850
2457	1543
2373	1666
416	145
1140	2913
1450	982
327	3419
2995	2595
2932	3478
2927	989
879	1754
1558	3258
3212	2701
814	528
1907	2502
565	2109
2073	2264
2788	443
1031	3168
407	3240
2554	2237
980	1390
998	1883
3430	3333
3385	2859
2331	1518
2920	3101
2211	923
1559	1857
2047	2823
2181	521
821	219
73	2058
380	3313
2511	2364
2049	1917
3031	2749
677	3302
3446	3013
2972	5
874	2241
127	2377
739	2094
230	1138
200	1172
948	298
788	2064
2047	1
2389	1313
1800	2690
2596	3316
1514	1449
712	552
709	2761
963	2108
2291	1627
1912	1981
2756	3246
3009	3296
1321	3342
2961	2350
2511	1822
595	2397
1304	548
905	1997
402	3228
388	1171
2063	3394
1519	29
3350	2550
603	1069
397	2597
1449	1242
1558	34
2687	812
3180	555
2223	767
1912	2303
230	807
252	3181
1017	1229
833	2257
2479	2947
794	2508
3054	2634
613	2909
2296	633
139	69
584	2931
986	1481
1910	2876
1558	121
476	2440
1693	346
1387	991
2919	1402
1336	1134
408	1252
2014	3275
388	2034
658	3220
3340	306
285	3445
3199	3254
2537	2198
376	2976
1849	1277
248	3038
1514	2898
990	27
3459	3062
1452	2264
3097	2979
2325	693
2047	162
2138	578
1994	682
2428	1063
589	2679
3006	3068
102	1165
2063	2127
589	1964
3010	917
2981	2551
510	2447
123	2381
2515	569
3038	1679
1262	409
139	2455
299	2070
388	2347
1221	1712
2139	1906
3200	53
1067	2385
1119	2468
1442	1332
1631	1218
2972	3218
48	2654
1200	1569
1021	403
1261	2324
1422	386
3387	2177
1520	1203
661	2830
1138	2778
533	2451
583	691
1252	782
764	3349
3285	2699
1792	2542
388	2819
957	864
639	304
709	2314
990	1016
1955	325
2616	78
1613	1363
326	182
1141	1776
587	1896
3044	1860
2626	3220
298	1113
852	839
819	3479
2656	1480
1613	1658
1928	487
2139	1554
145	1022
938	954
2151	2756
141	770
425	2458
844	2462
1641	1622
2616	3017
2456	2709
402	2793
2119	2847
1151	918
1210	613
11	2382
1706	2459
635	990
2336	1747
2313	507
2615	1636
1395	133
2015	939
2893	2092
871	1043
1845	1356
1165	813
1068	2839
3145	1732
507	668
2015	1144
1001	135
2063	1757
1261	1517
866	341
1089	3174
601	2711
40	3233
3145	424
949	1016
3049	1753
955	2886
1252	270
972	1404
1562	1835
1815	248
2740	2365
2859	120
887	2105
1897	2109
2457	86
1260	1452
2818	1061
2682	322
3262	1302
35	1520
496	1181
1631	1875
1147	56
2385	2864
556	1739
2336	1610
2616	683
3131	1680
119	87
2064	578
3262	3388
1089	1922
1850	3417
2015	699
2294	1122
1075	1512
388	1877
2847	2505
3086	2943
2730	1418
139	1072
575	3389
2235	820
1355	878
2931	3334
1576	1619
3326	461
416	91
871	568
2932	1820
416	2527
700	1114
1683	2573
1649	2510
145	3228
1773	2772
963	1321
1239	1626
39	2801
2788	2952
1603	3023
2858	532
1163	370
1409	1280
88	930
535	2763
1967	2295
116	117
1047	2711
856	3307
353	142
2888	1819
1694	1358
2511	259
1098	259
2306	2902
388	397
636	862
1067	964
2316	1337
388	273
396	980
3326	1608
1787	1895
690	235
1998	1542
13	1896
972	2007
2507	2905
473	1183
1573	281
3124	1427
1355	3477
359	1060
1591	1205
413	2005
2391	142
875	3401
794	762
2515	2795
1859	876
1159	442
1164	1996
1613	1804
2776	979
211	2706
3265	2839
891	3250
1742	733
757	2217
963	795
955	1645
2598	443
2877	1344
388	2519
450	2304
2291	2005
73	1270
2291	1736
1649	2568
1910	382
1220	1471
119	247
230	1842
904	3262
3407	2226
2672	1279
2276	1659
2362	3054
2471	3138
486	1209
1393	214
400	1185
851	2331
898	2330
1591	667
2087	943
3425	2460
2204	1650
870	1637
2665	2957
1474	588
2701	3098
147	2698
803	564
3206	3173
2220	1456
1393	2776
1709	1361
1416	3174
2262	42
1690	1783
3326	3225
311	1989
1159	929
3183	2074
1086	1546
289	2615
2511	1026
518	3011
3183	2113
551	1380
1089	2886
327	905
1615	500
1613	1645
1478	933
28	2832
1514	3264
2032	2839
40	3298
2697	92
1439	184
2698	891
2730	2187
2871	3029
3258	3113
394	679
3127	2504
395	484
515	2136
1120	2209
311	1823
2371	1854
123	3086
2613	2730
690	964
1777	1410
1382	3403
757	638
476	3040
3326	3131
3044	2395
2165	1165
629	515
808	2175
299	1777
2336	2546
1718	2148
368	2803
763	1775
1399	2235
1726	1176
2064	2015
2999	3280
295	2119
2522	152
747	2933
3385	2902
889	2964
851	1160
1637	576
560	1623
1613	1906
2455	2914
1141	478
1140	2901
2653	404
3201	522
2554	588
2938	7
242	2207
601	524
1081	1978
2511	895
620	2248
2108	761
1355	2974
388	2662
2571	2035
1573	2431
428	2071
1711	113
1616	1182
905	2971
3166	2413
727	1247
1039	2508
337	3177
3371	2486
3351	1875
2073	3114
577	2594
2181	1375
2687	2951
271	299
388	638
3431	3068
1675	654
1322	1109
1345	1727
3212	836
601	388
808	3257
1388	2212
1599	2380
801	993
2918	155
3329	2632
2139	186
447	1127
1581	788
2445	236
1689	2711
527	1132
656	285
993	839
915	808
1641	610
3371	3275
3446	1151
387	2362
741	1956
1067	1004
1363	1959
385	863
3387	1116
2703	358
416	3264
2738	1926
2660	2441
2888	1475
2972	1809
1273	2091
938	2457
2125	1261
1367	857
20	2671
1403	3222
2786	1221
529	2897
2989	2930
220	3475
2902	3011
2944	931
416	1138
2181	2137
1047	712
1427	2828
577	3109
1405	2747
510	1618
2763	122
529	1417
498	732
1052	726
1231	2274
73	2069
3204	347
1658	2406
2574	1647
871	3399
1609	112
356	2526
1318	67
2428	2432
896	679
2403	1756
96	163
145	64
2479	905
2889	974
73	2480
388	1862
1833	2481
1057	1260
2531	1056
1915	1776
2472	3210
1135	1984
3057	2781
2596	1919
2198	65
2481	2180
416	2470
2972	2010
675	1996
3241	691
3106	319
1159	609
1514	1686
2272	385
388	2952
2740	11
254	1534
936	3111
2810	2878
2565	1367
1954	2113
2214	33
1558	20
1416	3401
2641	1203
1436	688
2105	1370
1886	1251
3250	368
1197	1310
1983	2868
2336	662
214	748
3409	2781
3161	414
2500	713
1405	1745
439	2784
333	3380
1820	2883
2614	1409
400	1956
2589	976
535	3287
620	2391
598	2250
2919	977
266	2249
487	3474
1730	636
529	1001
3318	2418
1587	2561
3281	1315
1120	2931
2013	1636
388	275
1262	3433
88	254
1668	3278
1546	2065
2261	2562
388	3062
1613	1577
3167	446
2561	269
1140	703
1416	1441
2701	962
2023	2039
846	490
1355	2070
764	93
3371	3070
314	2097
3200	2819
3238	3429
2905	590
323	1076
520	1150
2573	3387
1127	3385
1479	3244
1415	424
218	58
472	417
1495	1103
3031	3090
2253	1063
200	771
3031	2283
990	792
1151	1082
2139	1512
2489	12
2056	2770
1807	3257
2106	1712
1847	1033
476	2743
759	3096
2938	3161
3216	1191
2805	2319
1151	194
2286	3270
2838	2374
145	647
463	2261
416	3174
3386	3116
1001	2181
3125	2588
1975	2165
1648	726
515	1428
3157	3359
438	244
1427	1941
2730	93
2407	2617
2093	2532
254	1161
368	2558
311	49
1814	2936
786	1683
8	687
1689	2
468	2132
3285	82
3403	1309
3174	1315
1638	733
1047	3045
535	3272
690	1954
1161	1029
3031	2723
1211	1665
461	1005
701	2743
2616	291
1751	2202
2425	3161
3210	1032
1354	2225
1842	2381
3044	2989
598	1961
119	3197
1289	1552
1036	2853
3044	293
3298	3352
535	1259
589	44
73	2866
1791	250
1471	806
2379	2703
2617	923
1115	1180
2129	3115
1141	3286
911	2598
2740	60
2063	969
1017	55
2372	3295
1886	1068
1314	2278
1864	2688
475	1179
2013	521
1284	1559
1427	1149
218	1949
267	1198
3387	564
388	409
1975	2752
295	2585
3326	1160
3044	2987
40	2551
1261	974
1200	3217
2822	2244
779	1245
3201	2236
1082	666
644	1655
1347	1097
873	2417
416	829
493	692
589	1142
2291	1631
1107	1080
3136	3458
1562	1215
1690	723
980	3113
1014	447
3347	3468
2004	3082
820	503
2927	2446
2555	2353
2702	83
376	979
388	1836
519	209
2124	2473
535	3346
936	2406
1285	1522
3222	2748
1689	1180
1918	1276
695	2421
3432	986
844	1384
577	2523
388	1869
1627	3267
418	150
590	333
2201	399
2511	15
2908	3017
40	3479
374	2656
1318	1690
418	2411
1903	313
779	2956
388	1814
3401	687
316	1895
919	142
88	2712
1761	1922
1014	2648
2015	1300
1103	727
100	2353
40	259
2479	3248
607	1374
2624	838
2692	3038
3036	1009
693	1611
980	3081
1610	2993
514	2479
3241	566
1862	2796
951	1013
3136	2181
1309	1373
73	151
2249	1468
2740	1307
1486	138
1151	3293
6	1558
1103	3203
775	1856
1862	1047
1234	1331
1461	1719
693	61
1322	412
648	2989
1071	2906
416	2959
260	2607
888	1720
1289	2913
750	373
1139	1012
1424	1739
407	3133
1416	2393
2367	1922
2393	1151
3285	617
824	846
416	3346
1726	2908
3326	2451
416	1332
3428	3358
1093	309
2566	2960
2487	2224
2515	178
1394	887
972	1933
1613	2128
1053	998
1302	1972
1409	1535
944	2073
3171	739
3474	615
751	2856
388	1370
348	1251
3002	524
2616	3162
1044	1902
1416	103
1071	3053
1975	912
998	925
1038	1714
601	1288
117	1125
1163	2996
3382	2049
2792	2839
1387	552
2838	1135
3216	3304
739	673
443	1874
1961	946
1366	1022
30	1089
963	3158
3285	3403
1918	2748
1175	1275
40	2363
2248	672
469	1318
2336	2797
2515	1691
388	949
1617	2000
1753	822
2919	3400
598	951
2063	1736
1478	1093
1892	549
2740	996
1715	3284
1684	104
123	87
1156	2430
3388	1387
601	564
416	1192
1514	361
2786	1079
1422	3068
3210	865
2858	461
1427	307
2317	404
1649	977
1397	2238
1355	2950
3425	889
2204	2078
2511	607
324	388
6	2730
1574	2424
1168	1033
102	2796
1234	819
2701	435
2334	1716
1922	3404
871	3423
476	537
3157	602
1141	2995
2641	2937
2188	971
2526	905
1469	3194
1828	841
859	534
190	2985
1179	2161
1051	1745
577	748
709	2152
652	3019
3262	2683
3030	1559
3044	2309
1398	1316
388	678
3141	3464
786	3076
1580	2854
3436	130
979	923
1395	3025
388	3272
1549	2905
311	2209
1084	1069
2544	3439
3349	3276
243	2778
416	1486
2467	2852
1615	2220
1151	856
2301	1305
95	2471
495	304
2515	2101
1036	2524
444	711
1585	1182
1534	796
918	2639
1733	1643
2965	1394
1180	842
2378	1829
2321	450
1861	3376
1955	1120
365	707
3031	1350
200	2421
2032	1736
1708	296
3354	1152
102	2348
2665	304
882	1312
376	2685
1165	743
388	257
938	585
1864	734
2892	2567
3180	2132
2394	2461
940	1565
303	322
821	2098
2074	552
416	769
2615	2014
116	327
1742	383
858	431
229	2772
563	2354
2233	1591
3202	350
942	2042
2816	26
3085	787
2554	2576
2437	1638
2063	1216
1961	583
610	651
1890	2552
1173	1715
1515	3454
3258	2206
1910	681
3318	909
601	2451
2286	1413
1893	1834
3318	397
416	3346
1693	1401
1595	1615
1138	1424
1623	64
1648	1380
1486	119
2456	2756
2023	1430
3036	1607
820	2721
1471	1294
1210	252
1047	1066
2510	2097
905	787
2015	303
1617	2760
515	1680
145	3388
3030	2279
2561	1444
3047	3111
2151	374
2859	401
1402	1946
3416	437
139	3130
2919	2211
1242	913
1840	3157
1416	2027
2471	797
707	2481
27	1776
1071	2341
1607	594
153	2916
228	1713
1207	2721
1876	2047
1021	3162
3338	1346
3157	2479
1809	2781
810	1449
2722	1967
739	1579
193	2101
3397	786
2872	1764
2453	3422
226	2506
998	892
2572	2207
2063	1542
1262	1768
1067	369
332	718
351	1541
2932	1678
1103	2806
1570	2928
3285	3317
1557	1035
2288	44
3054	9
1407	1416
1118	1578
2346	2157
1319	3378
404	173
2981	1485
311	836
472	680
2818	501
443	3449
1293	711
995	1246
601	391
1152	1792
1489	2219
2771	2438
998	1908
380	2271
1071	1869
1708	479
1354	2451
598	1451
2522	953
1674	2478
725	3241
2796	2450
3275	1833
997	689
945	2708
2730	2204
299	3137
643	1967
1355	1532
2753	32
841	11
1708	2337
2291	2614
2663	2211
70	3428
402	3089
1017	1666
1922	3079
653	2561
312	3147
804	1714
3187	2118
634	958
2972	2605
963	2857
324	2209
1355	433
1001	2090
2139	25
454	2251
739	904
3239	2741
3432	3361
2960	3147
2695	2515
2387	270
3031	2962
2545	498
1803	1660
1777	3291
1558	3112
1419	1881
835	1392
416	1873
702	2606
2031	1097
3285	2848
1252	692
1850	1795
1363	3010
479	1604
962	425
535	2340
581	1628
2663	1716
87	1487
1443	2471
1398	2490
2312	2974
453	1904
186	156
2701	878
2831	3087
388	1604
3157	265
2959	3411
475	874
2858	308
1013	3281
1248	2600
1741	3225
2938	2501
139	1978
3227	222
3414	1968
2788	1015
240	3145
2588	1540
2218	964
2194	622
105	578
1803	2832
1289	2673
3285	116
1169	2865
2729	899
765	3000
388	976
1297	2532
418	626
1562	1883
1514	607
1661	2950
1918	2984
2511	2793
1419	2438
3268	632
2137	2101
1001	3426
292	1144
1036	383
1254	1403
1545	344
1262	2688
1773	367
439	64
2479	1481
2307	782
1098	2671
2669	2728
388	763
301	2547
419	1471
3171	1142
719	2440
1875	2008
565	724
1427	1286
739	2192
1000	1981
532	3294
2729	1514
2730	985
587	1476
1570	997
1516	2196
2554	1652
1138	1749
746	1606
2873	204
845	754
1559	2280
1017	944
598	588
2060	2710
1067	2160
1444	1518
2325	1587
1051	1698
2341	3372
1373	1715
912	573
788	1972
535	712
2326	2828
3421	3121
1055	3128
2387	662
1268	2306
2063	652
1446	177
1799	2925
2080	2797
2260	1249
1444	2402
48	3280
904	879
1409	779
1141	1923
1161	2319
1884	1319
709	2095
549	733
2731	1779
3168	615
1577	3198
3095	2193
2032	2634
2291	1663
1172	1725
1814	2470
819	1525
400	2320
1029	2339
2274	941
535	902
1864	2707
3432	353
3044	2743
945	1504
3428	165
2064	2095
1649	1888
316	384
2919	3325
2067	66
1239	1918
488	1100
3157	698
1516	1256
972	1682
476	3157
400	393
3136	2201
1211	969
519	3194
110	549
672	2876
908	2942
388	1477
1347	1422
2783	1059
387	2420
993	1822
33	2357
1235	1533
1141	3365
213	2423
2568	3274
1277	2603
1534	1188
1621	2393
813	857
1961	481
639	2624
2713	1951
1688	404
1621	3439
709	3126
2249	412
3446	3374
1988	492
719	1105
1258	3195
2577	2713
2130	2009
1969	3023
967	762
2881	446
1840	3099
388	292
2883	1203
878	2917
3080	2170
486	2464
2305	733
1593	1402
2064	3398
316	418
2221	1705
3243	2199
3111	1720
1454	270
2971	354
95	3312
677	1817
801	872
388	1379
1403	2484
214	1416
1270	2551
1564	645
515	1922
3420	1170
2073	478
1732	1749
2993	1846
1239	3107
484	1762
759	181
756	1356
3183	789
397	972
1518	3311
419	952
1933	1637
2511	2081
535	3166
870	2200
3444	2322
3044	1280
2063	3199
2063	1995
1961	842
476	1811
723	1340
1471	3301
208	796
2618	1943
873	2644
1792	3464
3331	1024
3258	299
3236	340
794	2746
2233	1484
2701	1668
1405	1505
1071	3016
566	2871
556	330
2559	312
134	2045
2919	3314
3446	2531
2720	1360
437	571
3218	1316
139	3303
1631	2515
1367	3463
2687	1282
1405	708
214	3210
2138	1404
709	1364
139	3256
2063	624
1819	605
2372	145
3397	2480
2410	3324
2136	2075
763	3264
388	2492
3112	3393
218	3038
380	91
1401	2758
181	2930
82	3321
3331	107
1056	2805
2966	1327
450	1093
3169	2852
288	1870
2888	3106
2667	726
2511	479
995	3012
562	1758
1558	3344
2889	1756
3390	2596
2783	2769
400	1330
949	593
2932	3407
1211	3094
1634	3140
2585	1457
1314	3088
727	55
368	737
986	614
2644	904
924	1602
2861	1284
1649	2739
3167	2345
601	190
1199	1145
1010	2992
1175	3194
687	1571
2287	36
944	2080
3289	1966
807	1073
870	1291
3171	3435
2267	406
1215	1363
839	2440
476	3179
2783	3413
1894	576
1718	1678
1388	3045
3236	938
416	2715
139	2696
3136	1978
2876	2550
2372	3152
418	2131
739	2131
2724	3196
690	2128
2367	1149
3068	317
1175	3255
2323	381
3312	1256
3007	1800
1677	210
3030	1173
953	1969
388	692
1613	2367
2931	289
2395	1290
601	184
636	2157
1093	3445
1697	1738
2556	2615
2233	2743
380	2590
1089	2237
1613	2210
1363	2124
2440	2535
820	903
416	778
299	1409
2811	520
1116	1807
2636	3048
659	1360
985	2596
400	2781
1906	2622
1912	3368
556	101
3385	1404
820	883
1485	2610
1261	1860
1261	1284
1249	2739
1165	425
2975	848
713	698
744	3389
1659	1898
1422	286
1495	717
1207	2011
1136	1743
1071	2274
70	1802
1246	2743
1116	2944
3054	2481
2325	2169
1690	1493
1728	3265
320	2984
3241	1980
2857	1868
1402	2632
343	2925
1355	546
1486	2034
1649	941
2888	3100
1615	2180
1212	1415
1089	981
756	343
949	1324
762	2823
1089	2118
1937	1240
2919	2019
1387	1999
73	3375
3054	2612
1583	1431
3221	1943
1962	3267
1649	1868
864	914
1629	3168
629	1471
1281	2404
2037	749
3376	2479
388	2358
1486	2214
1946	744
3387	3309
3002	3343
1638	877
3119	547
1864	1551
2577	2086
1495	2425
388	1561
938	1485
2064	695
719	396
2164	295
2867	766
1237	34
2966	3289
230	192
598	2096
2648	808
587	3372
976	1752
1289	2064
712	762
1617	1143
3373	2617
1402	710
1036	2543
806	2709
751	1306
2912	115
2848	715
446	1025
1363	584
522	3241
2511	1321
1313	3111
1480	3397
757	752
1431	2317
2017	2323
739	2214
1323	2782
299	2590
2032	1853
443	3183
2340	2382
841	2536
376	1248
2461	2197
1427	532
783	163
2776	588
1178	2601
2063	1285
3241	3462
2047	3254
2325	2738
2012	3386
665	537
2367	2535
1272	712
601	3445
845	2357
218	630
102	2262
835	2652
2713	2162
1474	1367
3385	1301
2723	2276
870	946
618	2084
3236	2247
476	2176
388	2736
1961	293
484	471
1259	2322
601	1597
3215	963
1103	1606
1373	1239
2735	1116
272	2951
1665	104
3331	514
940	2243
1589	1808
484	1246
3387	1848
1313	2605
200	1407
1515	1510
1014	3392
1551	2991
1827	700
118	732
344	2952
2522	2558
2220	2036
3326	1786
1508	3241
2927	3459
1894	751
73	2776
739	3030
73	658
1093	2176
1585	1312
2667	2187
3044	1906
2014	1650
997	223
388	974
388	906
2053	794
758	1161
476	2439
3200	2156
976	1219
786	1458
2702	1660
1914	2501
362	2532
335	3149
1364	1861
1052	655
312	2464
1896	851
989	2206
993	313
2047	1887
1416	2970
2918	549
515	965
2066	1440
1675	24
2786	2047
119	370
468	2778
2245	3067
1014	854
1690	687
601	2116
2374	3357
1983	1466
2022	1501
3131	3147
1389	2583
3369	612
598	2748
1131	3139
1234	1387
2244	2222
2063	378
1151	713
388	1197
779	279
1151	1
2972	1607
665	2946
1869	504
142	741
1554	2181
2064	2132
510	2446
1409	2275
1464	318
1862	2036
101	1493
2291	1565
774	996
3022	1619
1719	1704
1837	2538
289	2837
3180	2491
2395	861
3326	2606
1120	3203
535	1962
2060	3415
1135	2978
3180	1555
2215	1441
2306	1199
3334	2716
1910	1102
1140	3045
2805	1808
295	1298
205	124
543	2042
639	2454
1495	2761
993	1255
639	244
3180	2425
451	638
2236	2069
2722	1769
1289	2782
279	1992
1089	2359
2053	3337
1190	1067
1613	1072
449	1424
2220	869
2461	2299
2014	336
2453	2977
794	251
1439	503
3127	2341
2019	2781
491	2580
1732	3205
618	2245
1788	2266
210	1373
2537	329
3251	1230
535	82
2313	3314
1160	848
2060	1983
1791	623
895	2410
1631	705
2238	1600
1828	2229
2674	43
400	1731
400	2216
2522	1968
439	2288
1792	2570
2215	365
935	3058
1120	1997
21	173
1559	214
2626	2002
888	2447
40	1650
1389	1025
2616	2303
3387	926
230	2942
1285	453
1071	979
371	96
1067	2833
677	2273
507	2507
2236	3431
468	1982
1219	1484
298	2629
1866	3348
388	1994
311	21
299	448
2425	964
1260	2974
297	1547
3257	3135
2616	3306
51	668
989	95
751	2996
567	2103
487	2115
2783	1937
3207	3095
1296	2298
119	2094
1151	2504
3125	2763
3385	657
2064	2895
613	2626
3412	2859
1416	399
316	1185
2939	1124
527	1535
973	1065
3210	2469
1549	2604
1313	265
808	1167
881	758
1813	199
1541	1870
2063	3090
1141	1438
1224	19
1847	3427
2589	634
1750	394
2770	1675
1478	3047
1207	1688
3136	3442
1225	3129
1508	29
871	1093
82	1452
2697	1925
1106	498
1620	785
1096	314
767	1460
321	2792
2415	2276
715	3444
1504	378
527	1019
479	3136
388	3396
2139	1468
388	3463
932	2118
598	109
1005	2690
614	2473
2982	783
998	2240
2047	712
1651	385
374	1987
221	787
1261	2075
484	2986
845	1757
187	3286
1038	2765
1505	2692
1617	1860
1322	815
2701	1302
2638	1419
2698	166
3222	3346
2210	3071
3314	840
1355	2794
2372	2926
1537	1867
2618	3207
1239	392
972	1948
2515	1726
2542	1122
1558	2748
2671	3152
1574	1127
2867	123
1014	2293
925	621
591	478
1968	3437
135	2611
1871	2793
3425	3134
2317	1967
2220	507
3031	2677
1175	1048
451	502
2466	3124
1483	431
976	1612
1175	901
1718	3187
3012	680
3044	475
3177	1211
418	603
1261	2157
881	933
3151	2686
2047	2839
1140	1470
1656	2647
820	1036
90	1931
2425	2403
351	2969
471	707
895	261
416	654
236	1567
3078	1275
2277	2910
476	664
3044	966
1515	1615
2859	3331
3259	1654
1452	3291
1709	2992
1036	2677
3316	1502
311	851
2740	2896
388	2640
1906	3322
2140	882
484	2388
960	922
2515	2439
1373	2597
1067	2280
2757	2320
1260	115
1979	30
538	1747
653	392
388	2047
3155	2670
1732	2206
40	2381
1273	2111
815	2866
1089	2152
2919	3189
3318	1803
2724	812
3385	3382
2261	3082
1648	2642
2301	56
3157	2250
3125	2378
2087	2108
2697	1967
1219	2011
598	2725
2439	3068
1515	1151
1253	2849
2260	2988
1949	47
1558	783
3136	3082
2722	101
774	2813
400	937
1005	1919
871	3039
1355	1756
2701	2697
3215	1051
1579	1454
1055	1727
3380	772
2696	2763
3313	459
2872	3190
312	854
1002	1854
416	1463
3243	1114
1602	3362
301	627
2073	1103
388	71
2792	2411
1263	14
3040	76
843	2615
3044	1173
998	3008
1289	997
2040	3182
2198	2809
724	3479
2068	1433
27	2402
709	746
1840	3218
1645	1804
561	2448
484	3475
1405	2440
1180	987
318	1494
2730	981
989	3307
107	3041
2316	1525
1864	327
348	3253
3232	1238
904	3155
2522	3102
1089	863
154	2095
1212	2958
535	453
1893	2309
1753	245
1746	2620
1289	2413
1514	2262
1613	2246
2979	809
101	2562
1369	496
88	2851
3118	568
1135	758
1537	3277
40	558
1376	3260
997	606
902	1936
215	537
1689	828
1089	3425
1232	1134
1070	746
3382	2476
2805	781
2788	653
40	3323
3127	922
3031	3184
2615	3093
119	2991
418	79
641	1571
2877	2978
2727	1688
873	3035
2501	647
2579	2175
2302	1432
1513	1649
328	674
580	451
920	622
3002	1131
2919	1624
316	3343
1141	597
1005	1870
1089	1579
82	770
510	581
1708	747
2902	2742
2220	2078
598	147
2198	1058
3407	49
212	3158
820	666
1175	1522
214	2786
2616	561
2063	1645
737	2661
2067	493
73	624
1396	1890
2792	453
496	1223
786	1814
1122	2019
1067	3110
914	2857
3183	2089
845	382
1036	189
1852	2198
1014	739
416	1381
2535	1447
1387	1811
739	2434
598	1123
744	1656
123	1695
510	1008
714	1484
671	523
3017	2713
1091	589
1613	3226
1510	842
1405	1515
607	724
1645	1454
2604	639
416	364
1176	2202
401	439
3212	2632
871	2821
1861	2861
874	1693
2740	1751
1446	964
693	2438
388	2376
2181	2928
234	206
2805	452
388	2873
2461	1767
484	2719
2224	1865
401	1592
905	974
415	331
2737	720
3450	2350
1672	1220
2701	1642
248	916
2490	1426
871	3067
1259	2670
600	3268
2588	1532
3390	1592
2236	1577
3031	657
981	635
1126	1007
2253	371
1814	2891
2014	1622
1120	1258
335	2273
890	3216
2804	1966
786	2148
418	2103
590	1907
2162	1169
2535	40
1792	2634
1017	366
388	2478
2578	409
1112	1915
3044	971
1409	1833
589	1
3285	2293
2909	2772
2562	1207
1171	2865
1085	3466
1422	825
2832	941
3061	1523
2123	3231
2064	748
2501	27
70	2946
102	812
1721	3287
2815	1814
997	1631
1549	1915
673	1456
1234	2281
3388	2936
2647	305
1515	2512
242	2835
2403	812
1298	1317
2260	3472
2119	1130
1528	995
1797	2217
939	3284
1121	2293
847	1149
461	2250
875	954
1573	1112
2827	2615
376	3306
101	2501
932	523
3207	1910
2047	1474
1541	867
629	381
2952	3295
214	3220
2690	2834
2889	3177
1140	3044
3334	1223
1906	2856
1833	2269
3091	3144
1933	1685
2805	3190
1955	1723
388	27
141	2002
229	2277
3390	1021
744	2258
2353	1774
845	1988
3212	1543
99	2852
2552	210
214	142
2511	57
200	262
388	736
535	911
2140	2148
3131	2607
1165	2282
327	2146
1302	1044
400	1452
2889	3477
230	424
2566	1245
1234	510
2403	1881
1422	1695
3054	1481
1001	802
1605	1154
1387	3155
2568	2948
1788	3097
665	1072
2403	254
1613	1113
549	1338
527	77
1060	1280
878	711
2241	1722
1739	133
1623	897
88	1005
535	2571
940	1012
1405	715
2291	1097
3232	1116
843	3015
2062	3116
3130	1515
2302	1362
2616	1617
2817	1787
2706	3348
1838	965
535	1842
1971	2010
601	2597
1139	2407
1265	2671
2362	1247
2220	1701
1422	2796
3031	3309
3262	1989
216	740
262	208
990	47
349	1423
416	1458
491	3156
306	2341
1301	641
538	1043
283	24
1151	2097
1010	3007
416	535
904	228
820	559
2626	1715
115	461
963	2600
1017	1331
1911	2446
1355	2994
1617	755
1737	105
2272	1187
1260	1801
388	67
589	664
3455	458
2377	1024
3086	2535
1135	1197
2536	806
2515	946
557	1880
2289	2543
2689	1845
3198	432
1665	892
1718	160
3262	1788
3200	964
1826	2173
102	2702
1814	3023
2220	1467
1670	571
2687	2849
1619	3025
20	98
761	1905
556	2063
989	1397
896	2074
750	554
3390	3402
1495	1177
1135	349
563	1471
2220	3232
327	3178
1135	2269
2981	2712
1037	2224
73	3079
1140	215
1210	1862
2241	907
139	1638
416	1586
1549	1359
3051	1459
3390	1198
1184	284
3013	2117
1262	1986
2730	217
1411	2130
642	1295
1663	2270
1677	1506
2932	1003
2589	1435
959	1334
2511	3083
2439	104
1800	1326
1302	1838
2919	2081
1726	2785
1165	1061
3445	18
1473	132
3403	1562
1541	2090
87	2893
690	873
525	2575
1568	3109
2747	2405
820	590
940	727
1082	2968
159	1548
503	2267
3455	930
1411	2172
1360	3143
2905	3317
761	2277
2302	3284
1239	1975
601	911
2568	488
2436	2900
1961	2804
1140	3079
1901	1477
3428	2759
1558	2898
136	2764
3076	1640
1000	1269
1862	2160
598	2151
737	2502
1261	1469
3180	551
893	2767
428	2786
388	1819
2719	1265
327	1589
388	339
1503	64
789	2207
2840	1689
388	3084
295	1340
520	3345
3209	3415
820	1770
2197	2806
840	1439
1341	105
2932	1461
693	1698
998	1357
375	540
2336	848
40	2717
1038	399
2283	604
1001	695
1073	3118
908	1611
927	3278
12	2324
2291	3182
847	2387
845	906
1065	2716
998	1686
3262	1681
1623	1490
102	682
145	493
1481	3455
1373	2792
2032	1824
449	42
1508	2624
851	129
3407	3255
744	2433
3200	3470
61	1118
1135	1126
2343	709
73	719
936	42
2522	285
2064	3247
80	486
925	3121
212	1832
2805	516
2336	2262
2616	1959
1480	1680
872	3145
1277	2896
2422	3478
1017	1718
80	1877
388	1489
2192	1470
3095	186
2734	887
380	3224
922	1404
2824	280
1515	223
856	1796
786	377
3383	3132
1239	768
3278	2583
2740	1848
272	1361
3385	911
1643	2224
2220	2727
2064	1790
3068	507
1053	2161
734	247
2498	1547
1938	3200
472	1283
3360	338
779	1921
1850	1981
73	1068
416	3419
3382	1599
1309	421
938	277
486	3294
1141	1644
2851	958
1137	3428
1405	3418
810	848
790	532
792	125
145	1299
1355	2513
491	255
2249	899
2734	1373
1101	2683
3318	2876
2059	1605
1602	3086
794	1000
2786	1691
476	2644
463	224
1089	489
2427	3069
952	566
289	458
3157	2781
2511	2082
416	100
972	3315
3212	791
1486	67
2927	601
1234	158
1395	2811
416	2957
2018	1789
3044	1638
2367	1615
416	2793
2335	2236
2251	3300
1495	3295
976	2761
1473	2551
3432	45
3416	1652
1071	2121
2124	823
2425	1300
1922	458
525	2408
3237	336
3180	2453
3432	1897
3448	325
1468	2983
1399	2774
2918	1506
598	2008
1384	3386
1137	697
1864	2984
1302	891
1559	11
3054	2830
2014	2825
1524	1036
688	890
2895	710
388	1875
111	2499
2220	1175
2589	2130
2066	2727
1140	508
2613	1
924	2751
1402	250
1840	3332
744	1038
2472	1393
1020	3145
1932	1737
1938	3334
1562	2174
449	11
944	2264
2047	3275
3409	3220
400	3305
3467	2918
2317	2157
1649	498
923	3167
3075	3203
1139	2130
1585	1270
285	227
598	3036
2505	2990
591	707
944	2259
3359	2001
1567	2268
1935	1869
2616	78
3031	2957
2618	2381
301	2214
2390	3352
1853	3400
1407	1695
416	680
1613	1269
1051	3193
1139	2065
3232	1891
569	780
1961	1375
55	1994
2334	641
3431	284
1155	868
2805	2701
388	3148
3041	329
1838	2421
1077	2416
2324	2348
510	3282
1623	163
577	2704
968	531
587	3176
213	2592
820	2542
218	3065
388	1461
3387	2329
2286	114
3326	2213
3331	1586
3232	1310
2139	1861
640	1378
409	458
388	1573
102	684
400	1545
0	1802
598	1003
938	18
1894	3457
1805	2958
2434	3163
295	2938
1231	1861
2270	13
2420	911
1246	2421
2341	840
918	405
2063	513
1140	2175
416	1772
2085	2601
1395	2860
543	2130
543	1534
1718	1613
516	2022
2060	2596
2757	2198
3180	12
3293	797
172	505
1677	1653
1607	2609
589	2532
116	2054
1130	2239
719	1025
1814	3287
3013	3471
1613	2825
1014	3082
1838	2243
3326	406
88	1505
2919	2035
2359	3363
1538	1843
2367	3381
1093	2204
1850	2157
1234	3006
2672	1235
2316	3341
764	1281
3044	780
775	2378
845	2459
641	989
2130	974
3202	2251
1984	1056
834	379
809	361
2522	2634
851	2272
1083	2091
93	195
3266	1494
1455	3183
416	307
2805	2541
613	2346
2496	298
977	870
2047	2687
2674	1077
1315	1728
1541	2356
1089	484
1179	323
3366	2351
3212	2944
1787	1569
2404	32
1613	1752
73	768
1270	3269
2491	2707
3141	376
1384	2199
1754	979
3390	2797
1922	1661
22	1932
3326	3412
1719	181
2066	1071
448	2186
328	3255
620	98
522	3427
388	813
3232	2134
1677	3033
184	1053
1631	233
3031	1685
3080	2701
507	942
1649	486
1442	1793
518	1999
139	1299
229	2490
1613	612
305	1169
350	3151
538	3414
3216	1453
3127	2012
388	753
2969	1157
2461	3291
875	1139
388	1922
2064	2107
224	1596
1864	408
3047	369
3031	559
416	2552
812	3048
3022	2400
599	2856
845	2939
3326	1905
856	2725
976	1939
1234	2503
568	2647
1934	1451
2653	2039
679	2093
1559	2850
3232	3207
171	1895
764	3155
73	2065
119	214
3448	2509
3054	2184
166	2464
2522	1194
2720	371
1777	2422
1120	2437
2788	123
881	2862
997	61
828	1761
495	565
2336	1302
191	414
854	3234
1465	1342
684	1604
1176	2614
2220	2232
3073	679
3044	45
1910	763
601	3378
73	345
1427	1052
2032	456
3325	2113
1623	2819
3136	629
1975	502
2898	2000
306	2664
1077	702
3162	2994
2970	1049
677	350
297	2004
6	3188
449	2088
2246	1901
3473	2574
2770	3309
1718	91
653	944
1613	2267
3044	415
2952	1776
904	423
1071	2332
944	1070
1409	1576
999	1701
1355	285
166	884
1559	1803
301	3088
1049	3386
1036	2812
629	2799
601	1026
1031	1086
1219	3226
3232	2039
88	745
316	2271
960	2623
1347	1810
73	3211
2930	243
2734	784
1769	2998
80	540
1757	563
2965	1397
2402	1229
484	1461
1631	3286
2505	1242
1260	1553
1677	3456
1611	2983
677	1355
2220	781
1165	2933
1089	2655
1025	3054
1344	3158
1014	434
1071	3479
359	671
2152	1329
1036	599
2811	3025
1864	1946
860	3351
2511	439
1261	1791
2014	2426
1648	2187
2299	196
3125	1937
404	2938
1224	1140
1093	2614
968	1280
1005	2192
3397	506
786	1148
3224	2495
2615	1379
134	1565
224	931
744	917
1589	94
406	1721
2482	910
2289	1615
2505	758
402	2852
1562	696
1434	3117
1818	963
338	721
2669	875
2190	1998
388	1650
2713	269
1981	2933
1454	2793
2832	1873
1537	1729
29	2990
1869	1479
898	662
934	1414
1733	496
365	880
200	2237
2646	3071
2752	1577
312	2917
1973	2035
1896	834
845	1079
765	658
820	1214
484	3383
1239	1191
1404	2850
2564	1085
1789	2537
1265	239
2307	2978
1119	3349
2301	2982
3438	518
518	755
951	921
719	800
3202	2696
380	1744
996	2722
1954	2899
115	2830
1002	1487
936	3382
3318	660
1683	1970
627	2216
2722	1530
3405	177
3432	2620
1380	2132
1421	1232
1219	2108
3157	858
960	1792
3258	977
1975	2779
1262	3232
3136	1178
820	499
851	283
2139	2689
2079	2211
970	1564
3438	2602
1079	1012
226	1022
1613	2539
1116	2338
936	2295
990	3076
786	1191
1614	2537
1631	1622
690	3386
2227	1065
1112	69
1161	842
977	920
2236	1709
398	574
1144	2598
920	2836
2722	2875
1769	1604
107	2136
2859	2311
3219	71
1623	632
620	3000
640	2305
776	466
874	460
3275	142
388	3357
986	1423
979	3271
165	1969
2153	1371
1613	1417
1017	3139
2832	361
1179	1814
231	289
306	2692
476	617
598	3477
2283	1465
2291	402
2080	2351
1662	2406
2220	519
1558	1644
2472	2015
690	1844
359	669
2121	2975
3054	3372
2686	599
2063	3427
1815	3371
1224	1245
2927	2303
599	2508
388	259
366	1218
3073	1114
727	1321
2276	1650
1089	353
3150	849
595	2511
1239	428
152	859
549	995
2042	1958
1647	1339
532	2868
2847	275
99	2713
709	1902
2063	858
2834	1638
3385	3249
2136	312
388	2447
698	2028
346	2871
3049	2108
739	1558
2701	622
2220	1427
2708	1320
2204	2823
1480	3347
1151	3175
1252	3082
212	454
533	2446
1017	791
1563	1502
847	3294
2453	1767
1651	2586
2479	51
392	3376
1790	3279
1889	2071
1260	2099
2019	330
191	146
1017	3364
1528	649
724	1899
388	2646
3212	2760
1894	2048
360	3229
805	2165
1617	1228
3231	3029
709	1771
1409	3469
119	91
328	60
2325	1105
2616	2874
268	3441
2668	2442
1222	2701
388	2138
1154	1259
3031	3141
3006	153
184	729
327	3299
1571	199
1442	2650
2325	1681
315	2314
1852	3307
2264	250
3049	3184
2616	3232
380	1785
1623	775
535	3209
2276	3309
1111	2652
756	1682
1033	2440
819	1373
786	2706
1084	2983
1047	3321
3387	2145
1159	2434
1089	336
1742	466
1649	1798
70	1680
2197	3345
1472	1505
874	847
1566	1875
2690	226
1249	2244
2976	1739
601	616
83	2927
224	2858
727	2086
792	1583
535	2230
1252	684
111	100
449	2674
3031	954
1855	105
1818	520
1151	542
2198	2265
2372	2822
2814	822
998	1983
739	154
419	2462
1029	2485
3157	2591
3446	2451
2722	3086
1876	1590
2972	1162
2325	2172
1649	2315
535	293
131	1510
1988	72
1409	891
416	597
1405	1110
2570	3215
139	918
88	950
1001	2954
1014	447
200	2603
1052	656
1773	450
616	2859
119	2567
1052	3155
2859	3076
2434	2738
2128	1449
932	3398
2346	1842
1014	3043
2730	1579
73	954
3326	1575
2063	3313
388	2277
696	941
2854	3463
2918	979
1036	1940
997	3171
1468	3469
1175	1658
968	168
1050	1157
1098	2739
2611	1102
1151	2676
535	2797
3172	2924
388	620
134	754
2431	445
1791	1192
1130	2601
1757	1749
145	2111
73	1033
487	1491
3176	14
1763	3177
744	2081
891	77
2371	1970
2476	3354
1480	155
2674	487
790	2872
1790	1659
2903	1511
687	150
2515	1638
2933	3369
1289	2669
2701	702
1568	379
2276	2579
1894	1264
2691	158
1477	20
3446	1637
1262	3365
299	2907
1859	132
86	1911
2959	1293
1273	75
285	3416
1864	2753
1089	2958
388	3460
423	289
2890	3431
3040	147
306	2903
2051	3389
3044	1794
2511	3311
2283	3321
1147	875
1295	629
720	2989
1399	2102
1242	212
451	2616
3398	1375
122	668
1663	809
2527	2034
709	1697
845	2642
2931	2689
1814	449
890	1251
794	2563
1165	2213
1894	1624
1473	1245
3044	2454
2627	1450
2269	3208
519	101
1262	2567
972	23
3044	125
416	1263
1920	607
388	518
2270	1944
388	2243
1387	3160
169	3415
1337	859
2711	3380
1993	1583
2398	3439
88	2032
2522	2996
1301	1980
1322	1038
1014	1966
1852	772
960	1181
2669	1199
2680	3205
388	3184
851	1154
868	2279
2684	3093
1175	3473
1161	859
1890	1593
42	1220
649	2980
739	1254
2047	1870
2660	3152
905	1150
3326	2435
1238	3404
653	2541
3385	1193
3125	1238
671	922
2346	1271
218	2635
2604	1932
1555	2167
2214	1084
2545	536
1626	2780
2214	1417
63	1895
835	920
2508	3189
3044	1503
2680	3190
193	1014
115	1009
2531	196
1817	2672
2927	1965
1253	586
256	3044
995	2479
1268	1531
589	393
963	99
2198	1992
2302	72
3285	1290
1140	1646
3002	2071
1017	2524
963	1115
1215	2994
1568	423
145	540
734	687
1229	2605
1962	764
1111	3271
1864	3251
1083	633
3405	649
854	2722
1175	408
911	68
2054	665
1267	3169
2803	2362
963	2319
3326	735
1311	2501
410	874
388	3213
1355	688
2952	1098
416	3212
997	358
3031	1412
794	321
997	1850
493	2948
476	147
618	2326
3195	103
2596	546
3330	444
2987	2778
1473	2793
1138	1908
469	2498
76	680
3180	2961
768	1898
88	2116
2885	11
388	3197
2425	1035
2272	2700
1818	430
40	790
230	2338
1071	819
541	1844
3030	2975
2286	1873
1549	2981
1277	753
1415	1778
2222	251
1974	508
2139	846
1246	2293
3067	466
519	3091
709	3109
1514	326
2272	1959
2501	1761
786	3291
1659	2774
1480	319
2066	409
1415	3049
388	141
193	2462
413	154
3041	2643
2332	3332
3475	2688
607	2889
1973	2682
2431	3132
2961	714
2946	3045
936	804
1679	1805
3200	1604
2730	1403
1379	1577
2272	2812
3241	3408
3157	3190
2906	1203
788	30
3044	2563
2367	2581
1280	282
540	2780
893	1817
936	1150
1574	2207
3044	1748
476	2641
3441	578
2031	304
1414	1620
1093	115
2805	3390
3346	2359
2132	2268
1261	2356
416	763
388	2885
1141	1219
675	141
1579	2563
535	2772
13	2058
719	346
2197	1612
2522	3161
3387	944
2535	1553
885	2815
97	2272
605	3394
3142	1995
1175	2638
1422	1595
2461	1237
519	3085
932	571
146	2441
1756	2611
761	2133
709	1156
2791	2630
1151	2527
2457	310
1153	1007
979	697
2220	2163
763	1581
1427	598
312	2952
1713	2162
2511	1748
1355	1947
2139	4
585	2297
2218	3182
2511	1811
451	1726
1199	520
1854	3411
2289	1023
1118	2603
808	3281
592	1304
2722	1329
344	2899
2421	2461
672	1087
1516	3264
2461	2042
431	1961
1321	851
3127	466
1278	370
957	2908
3136	1909
842	3386
2793	2419
997	1430
522	1793
3170	2303
85	581
3376	9
3231	1782
1892	3344
3067	2328
3182	3450
3212	1577
601	238
1415	3251
601	1962
1777	476
2120	3466
3167	2298
3298	1175
1382	2743
1648	1507
2740	3136
773	3301
423	402
3318	1188
1558	3378
820	2044
1116	2848
2439	681
2402	1193
1355	513
73	698
2574	2103
1940	2927
2554	2040
1773	1703
208	757
3326	1672
960	1849
3076	2696
3227	2149
2322	806
2979	174
3194	2114
1666	66
1137	29
2665	599
1119	2705
864	2334
1289	1674
1558	2797
2014	797
375	809
1558	86
267	2830
1084	1126
806	1039
936	667
755	218
1451	1769
1372	1263
1845	1217
119	2221
3212	718
1827	917
1763	2152
1894	599
3136	4
3210	1457
1800	2524
3383	862
376	1903
1839	723
381	2168
1261	1131
1495	2092
1421	1076
856	422
193	547
1574	1942
3006	1190
1137	2912
620	1908
416	1632
1421	2881
2372	2995
944	1773
3460	3428
343	2226
2796	1444
139	2154
299	1824
997	1724
1432	304
2063	3371
1646	2907
218	852
1803	1876
1031	3018
2674	828
388	242
2064	388
2403	1602
1472	684
1055	2990
2080	2586
3097	2058
1725	2139
13	1082
1797	685
2425	3361
1886	1907
3157	47
1325	2834
406	1283
2713	3154
139	1709
184	3032
1468	1299
1089	200
2218	558
3257	2310
261	2429
186	3380
1615	465
3243	3450
230	3251
1210	1613
972	730
123	2573
515	368
1648	2509
3002	976
3040	2439
2919	1048
3054	302
3139	998
3448	367
2687	2162
1164	2960
1422	2783
1480	2378
2616	965
2972	152
842	889
1576	935
1307	1670
2972	1667
2959	2003
3200	1078
2063	329
281	744
230	1290
2566	375
1021	2542
3390	1664
3387	1245
1532	487
2511	257
608	3173
1592	250
476	3045
1402	300
1833	1426
620	2297
1447	15
3058	405
1142	1111
1486	183
1055	1670
2939	3140
3346	12
3215	2988
1099	2254
1395	3392
85	1192
1549	2337
1613	1837
591	588
254	1526
3135	120
416	2730
1273	1647
613	1770
3456	346
2291	3309
759	1297
3331	769
1402	1562
2615	946
400	2665
864	1365
1239	42
416	1971
945	2184
1141	3041
2903	2001
2090	2791
481	664
2740	1807
3373	2203
3261	1863
1147	2556
1405	1972
727	2633
1422	669
206	2849
720	935
3318	3383
794	2698
2701	1000
1924	729
2249	1876
1077	1134
2511	3349
56	2090
1387	2791
2525	2345
3385	1325
1200	1748
388	999
579	1151
1292	1011
2038	2989
2367	3478
761	1941
231	917
1347	2456
601	939
646	599
757	1412
3166	628
1175	647
3232	2197
1571	861
102	1201
1758	1149
118	2861
2846	256
1505	3412
2194	2579
288	1315
2213	773
2127	300
1975	2658
601	595
690	3338
1952	310
2139	1092
476	526
1140	950
1001	136
1552	3320
1864	902
2792	3283
727	1006
1894	2509
1355	947
1988	1326
1350	2714
2684	2258
2511	1706
1976	799
577	633
112	1914
3397	2174
1963	1969
2595	1291
938	2636
970	1130
556	1027
416	1731
10	532
601	2308
1014	1278
825	772
2615	1077
960	759
1450	357
2729	2462
1876	2630
1559	1487
1750	3413
3044	2072
3326	3311
657	1934
1613	498
2434	695
2885	1344
3387	1376
717	2286
3172	1
3318	3277
757	1944
3202	2099
8	1062
710	3170
1141	3426
1777	275
712	215
2511	1947
388	508
3181	1960
311	1590
1558	3100
388	2746
3089	756
3094	1682
3432	37
601	1275
141	1908
1329	1241
2615	2799
2372	2705
2336	593
2467	3155
2022	1026
951	3061
2325	2459
2740	1319
2928	884
601	3194
3106	1893
887	1408
2586	2160
1486	3233
601	668
520	447
1961	146
2380	2252
3077	1013
388	2320
400	1102
2932	3023
1964	2473
2295	3435
3432	3015
1766	2394
2015	2952
2868	1001
1323	2378
1355	490
820	3073
3044	2167
388	54
2919	1245
2701	973
73	260
1148	292
696	1328
686	3448
2051	1153
3176	3356
2994	2413
649	3020
3243	3406
318	3069
532	1855
3041	2717
388	149
2699	3143
3232	3209
3060	3222
940	131
3112	2807
36	2334
2722	888
1623	2817
3405	1659
1355	1452
864	692
415	1957
786	2801
388	772
3183	1342
2892	1621
153	1307
420	2647
1595	2673
1355	337
3111	1203
2479	3399
2636	609
1359	1627
288	2970
2013	2732
3052	2243
1159	3198
813	2902
712	231
139	653
1690	897
1869	3208
3142	2340
659	3257
1924	1927
400	3018
1405	1410
1257	3257
874	3105
467	1688
1302	2749
88	898
944	268
874	2045
410	3293
696	697
119	588
2972	2762
2648	623
540	93
1905	2994
1077	1531
67	2860
2932	1985
2757	2964
1643	1994
1912	1552
653	2227
299	1009
2393	1150
1801	388
2306	291
1416	716
1017	518
1527	29
1748	2901
2066	691
936	623
145	1133
2220	1776
1314	924
1855	2434
2387	2798
2367	1725
2511	1902
820	676
2195	2525
896	2959
744	2134
2566	977
324	774
2409	1658
727	1391
40	1323
1468	2543
1150	1576
976	2506
443	1249
2437	81
2294	1091
2480	2000
1515	2370
1409	742
750	2356
2132	2138
651	273
1577	1627
3044	1032
400	84
1089	1641
70	271
3385	2841
503	2157
1436	869
95	3312
949	1035
1056	3424
1924	1976
1355	3018
1355	3351
1017	301
3209	3063
1617	2392
1744	1936
3471	2855
2626	3140
640	2028
2746	2105
2376	2266
2259	3090
1422	3012
827	1487
1176	1114
2291	3464
1387	1879
2843	2997
3183	387
2713	333
1946	985
1355	1954
388	946
2181	328
388	2637
2885	3241
2511	1962
598	1583
798	574
2615	2278
1140	1211
1922	2838
1047	2424
1023	1797
968	975
1135	2505
448	1526
200	2210
416	2980
1281	3477
684	1834
2302	791
254	161
388	2548
1399	228
2454	3207
1832	2395
2680	810
2060	2848
1301	2849
2640	1464
88	2546
2395	219
1431	3309
247	3422
1359	3178
1036	3059
1932	2389
591	919
2017	2406
3044	3127
2244	3403
388	2879
986	1272
2885	462
1067	1218
763	2749
1990	2365
1801	108
1709	566
1643	2597
17	263
1409	3357
799	1035
1468	1670
449	2198
956	2375
1151	497
1921	2735
377	1560
3209	2322
2568	2948
2701	3108
142	597
1341	619
3044	2727
29	2166
1405	2685
1898	2535
1606	480
2461	3260
3031	937
2307	207
1862	1331
1305	2707
3030	1226
2139	423
3242	220
1343	298
3456	2119
388	2892
1486	1957
374	509
2572	95
2033	1940
2608	3232
2877	2785
1676	3038
2900	2458
3207	15
641	995
3452	1643
2931	261
919	2712
400	207
2615	2284
1480	1305
1103	2121
712	1250
1646	1730
2737	2179
1145	2628
1431	1881
1424	515
986	3370
1954	1798
1797	1612
535	549
468	2906
804	1431
1222	1997
3054	3286
2572	2409
3203	117
932	2890
2291	834
1613	1847
438	2651
208	1165
3212	452
3210	2056
1693	1624
212	1458
2810	2347
416	385
3192	790
3471	1249
3312	394
213	786
1089	624
1894	1740
484	289
1482	3297
2767	946
996	2164
2136	1971
1758	1518
2274	1415
2346	1271
2785	2198
1677	1389
810	269
814	452
3002	3076
1165	1183
1409	1308
2047	3054
587	2399
2955	1615
1515	2745
3386	3303
1486	2672
2163	2728
3212	1993
3221	905
2187	1221
3016	1935
2014	353
1077	3444
2446	614
613	2406
3337	2738
1574	1454
1623	3288
33	1659
2782	496
3425	3406
2982	3385
1057	3154
388	766
1085	2898
3212	2953
3318	1203
2756	361
1973	2200
437	2366
1409	607
2215	2686
734	1038
2511	2869
2099	3404
402	2081
2294	1796
2740	724
2039	2629
2784	2782
1147	325
2663	2017
262	916
1516	457
2626	3066
1038	1468
2656	452
2737	1880
88	1310
167	3319
1649	195
2730	1002
1056	3265
1366	2363
226	1634
587	856
940	1646
3127	573
976	1583
910	2477
2099	237
644	2099
1523	2936
2279	2091
2515	1173
1677	1997
1933	3132
3387	3170
2761	3254
1529	2252
3136	1201
1595	2897
416	995
3397	1822
1617	146
1599	824
2511	78
408	2012
3199	2296
2249	2645
1613	3325
2244	1387
1175	2252
2710	1910
569	2306
1019	1203
496	1824
3200	628
13	1094
3397	2846
2818	1829
3210	645
585	2515
838	1444
230	639
1314	2351
3136	3035
774	1185
1617	1555
416	3456
1589	1043
3272	1797
2981	713
873	61
1984	1683
3355	23
101	2657
601	377
2113	52
381	2770
820	1984
711	1
3202	1530
936	2542
556	22
402	1300
1515	2027
1088	2409
744	3119
2453	2301
2422	2478
2952	2304
1495	1935
2769	1972
1840	3156
2805	1022
3107	3388
1472	2952
1534	3400
726	739
73	2085
230	948
2616	2563
1055	3046
316	349
2734	2686
1407	2403
2899	1725
3136	771
3432	1532
940	1395
138	2045
2139	991
1548	3242
598	2643
684	2208
1690	2582
2291	2401
2183	2816
2136	398
587	2008
347	1833
2080	1341
2722	2902
2843	2665
191	1263
322	2447
918	3099
1165	2113
1314	365
2198	3392
3298	733
1708	3091
476	2301
2641	2555
893	2700
88	2762
904	566
1480	2150
88	2062
3455	2389
2479	1971
1864	3181
3052	1085
1154	1830
2518	1324
1014	1832
1087	2720
468	23
400	968
3222	2533
1274	3474
2032	520
2511	1013
690	1564
1038	215
2511	3208
73	1473
213	3204
218	229
1719	3182
820	2273
1840	2529
2785	2168
1141	1416
1359	3010
1617	1086
3044	11
2454	2678
2932	992
1084	2000
1356	2640
1825	1672
1456	542
1790	603
1907	980
316	590
3385	2533
2100	1566
1613	1364
3031	2732
510	2841
515	161
1844	1799
833	2582
1468	1069
2999	2313
416	1235
172	981
1874	2409
332	2256
399	1880
139	219
657	457
1063	3217
430	2114
1234	2574
3405	1477
2983	651
2572	2753
1627	2248
786	432
2734	39
807	2826
2305	2593
2530	2161
214	362
1881	2097
3437	8
2249	2310
1558	1693
388	1561
2972	1393
1523	282
1234	2165
2220	216
1416	2584
613	1576
2512	2899
698	3193
1249	1971
3326	1405
324	1752
88	1989
3098	1331
419	1308
605	288
535	2752
1135	2570
3044	3237
1649	14
388	2555
3002	700
141	544
2572	2299
73	1739
1558	1793
1961	2596
1684	2267
3241	2111
671	2644
1839	3023
1067	2243
1224	265
2215	1094
750	1122
1969	1439
388	228
1260	662
95	1458
2123	3437
756	775
3405	649
1648	2155
3236	2392
343	753
809	2552
1252	722
351	2762
1405	1277
388	2314
3354	708
643	2393
1141	1394
2136	2352
214	963
1872	3298
429	2721
1415	2051
1585	106
1211	2495
610	3060
1961	2490
295	1637
424	706
625	750
3347	732
2393	3291
3220	1927
1059	2724
1549	187
214	1619
1427	2927
2017	2760
15	1465
2328	324
1349	526
976	356
1138	1403
3446	106
976	23
788	932
952	3364
989	1878
1961	2963
372	3076
464	2403
1355	39
3285	1825
388	527
97	2895
1191	1166
1017	2784
2492	1227
65	2133
1318	3452
657	2482
1677	1735
756	924
1159	2890
3387	2648
2770	632
2600	627
169	3299
1135	1093
570	604
256	1254
3097	3058
1093	343
1196	1020
1898	2804
1056	3315
1373	3253
1884	727
774	1047
1135	1706
1161	3004
1975	123
343	2094
2238	39
2576	1991
635	1347
2653	2630
1726	743
2220	3421
998	1295
3278	271
1210	2088
805	1138
230	1915
2596	2786
631	3254
2779	2402
3387	507
963	2537
1467	585
388	2277
2515	2634
2394	3344
2886	883
2010	2332
2306	2287
677	1828
2371	3210
938	303
474	1728
1579	2116
1180	2877
327	1628
200	1829
2680	612
1135	2692
416	3362
375	790
3112	2769
141	3105
515	3018
1539	498
1611	2795
1019	2645
535	1853
379	3135
400	1373
2385	948
1788	289
1234	2893
1663	2229
1337	1573
3200	1209
3219	1556
2838	3479
421	2770
3384	3329
1769	2973
2304	326
388	1792
969	3108
1001	2412
2026	2091
2981	1147
388	994
2838	2784
2033	599
998	2213
1246	729
2522	2671
2618	875
1040	567
739	840
1161	2473
2066	3098
840	1599
1663	1160
764	3125
796	3319
3326	2592
1006	470
601	987
1315	1390
3002	1020
3067	1156
1666	2344
235	397
613	245
852	2289
3446	1146
1234	2359
2302	127
3125	1996
1918	1647
3083	889
468	611
165	3330
152	1275
598	692
10	2281
388	189
1319	2802
2032	2877
1894	3269
2069	2593
2208	864
1468	918
1723	652
1791	2255
227	2745
598	2907
2644	2326
587	334
510	779
373	1400
88	2809
699	2479
200	2386
627	1985
1405	2303
1402	3045
307	624
2063	574
3456	464
1071	3282
634	532
1077	664
2886	2
786	2030
2724	2006
2722	3273
297	1798
795	1706
1047	3159
1541	133
1623	1196
2844	2463
3037	2864
2028	440
535	1394
2178	679
671	872
2899	1989
794	1558
88	1232
997	2518
2409	1113
1405	1587
2430	2861
348	901
1859	2913
119	341
650	3315
3098	2579
2778	610
373	1329
511	48
316	687
3006	1850
244	2337
40	964
2055	898
696	3075
798	3332
3425	2241
3096	654
2616	3113
1038	1301
874	778
3446	1354
1659	2153
2047	1403
1227	340
3091	2129
2136	49
1241	1799
724	1669
1573	2797
214	59
2139	133
1882	1677
3157	3124
1773	765
3171	508
3253	437
214	2188
709	3189
727	2204
1910	1250
3104	744
1036	2998
3021	3013
2919	901
744	3436
960	1100
2454	1616
854	3323
2310	1917
1323	303
388	3281
2767	1261
1536	1622
3200	3387
1017	1508
1260	3068
3219	2016
1649	2749
388	3004
452	1110
1059	3179
2403	742
1103	2716
1315	1518
139	2878
907	2029
1537	2292
2713	2042
1067	9
1001	2273
3157	120
786	2896
1541	246
3183	2819
3358	510
896	2909
997	1181
970	2778
3228	2573
471	921
1394	2963
3044	211
1071	691
1180	681
141	2159
1376	883
2482	2851
491	2414
1141	1463
771	2475
1140	2746
1140	2412
2866	2402
725	2658
1454	2908
327	2253
388	2520
2063	358
1978	1783
547	509
2208	2714
515	1822
81	3220
3282	2315
3098	2681
1455	2402
779	270
1649	3330
1894	2214
3227	2409
1507	1647
3397	1610
1082	2007
819	2509
2062	47
2511	779
3078	2815
2370	2009
484	216
1260	867
3222	1802
1138	899
1394	2911
1718	603
2993	407
1169	638
2511	884
3232	702
40	2605
116	1616
3213	1909
1249	3080
1393	2427
3077	2769
1223	593
2055	2404
2568	446
365	3427
3038	2138
212	1585
1258	3437
1355	3466
1001	3187
323	484
268	266
3334	2427
764	341
3313	56
1141	886
2474	2375
3262	1704
1613	2890
2372	1831
807	1423
3198	3032
2953	3244
3126	2488
820	581
324	786
2249	3
2425	1927
2583	1785
1021	1239
989	235
400	381
2047	899
759	2320
896	400
1387	168
487	2398
2271	2651
976	719
1742	2475
1554	970
1234	2027
1421	801
2940	2339
2325	270
1694	709
2953	1025
972	3053
3044	2312
693	2674
1514	523
2317	1312
419	2042
1972	2095
213	993
3155	3092
2871	2833
145	3413
1617	2893
692	1777
3047	725
388	2007
2190	2525
2934	608
838	969
2143	2426
3176	369
400	2273
1260	2675
1894	1879
500	1060
1750	1270
1507	601
864	1707
998	3111
925	401
2139	1929
3258	44
3044	3049
2435	2783
2522	2521
612	1598
418	2099
178	561
10	2408
1840	291
3010	1785
212	1242
1973	2594
2843	1496
601	952
2663	3001
1667	77
1388	1963
196	670
1613	2085
3432	711
2905	570
2218	2140
1089	3174
1462	3396
3385	3054
964	354
3405	2228
2595	2945
1902	757
3424	336
601	1557
2511	820
2032	1007
3326	2275
230	2165
1952	206
397	1020
2198	2111
3044	2989
3272	122
932	339
1860	1561
884	3413
2220	609
1154	1169
254	1334
1436	2196
73	1463
3031	1079
407	1765
1574	904
468	2177
1903	3054
3248	1673
1646	1312
890	1654
154	2688
563	3284
3029	411
1175	19
3044	364
2687	1700
1690	169
2680	887
39	1110
1772	1028
794	458
589	724
1047	2024
1503	3083
3470	2342
639	3285
2825	2137
348	2990
2336	695
3171	2491
2837	328
61	2275
1110	2239
1138	907
1379	3262
1840	1518
750	48
1151	196
2885	295
1111	675
2159	164
2879	2710
549	767
1883	2870
226	301
786	1158
139	3248
3151	2649
1063	323
160	3099
739	2444
817	2522
416	73
899	2890
1260	1665
820	912
2932	228
2266	2056
3326	1333
3216	3311
1558	787
2233	2209
1833	3131
436	2816
409	492
3046	1580
1961	1705
3232	642
388	1095
598	907
2783	1931
388	53
3157	2582
2688	3458
2588	707
1455	2064
297	756
3044	2826
761	751
677	2788
2062	1349
2220	472
243	628
898	2976
1623	1486
1141	327
1330	2724
1825	2681
2367	153
271	1163
3031	1549
2068	858
3456	2443
968	687
3125	65
3167	374
2676	1210
372	846
1677	699
2866	1532
2610	581
1273	2212
2919	1843
1975	1538
2859	2158
1001	3321
2285	1578
2451	239
3202	2767
1014	1662
1045	1887
145	2997
1273	75
3385	392
1844	3432
1191	2911
1098	1608
727	884
1482	2526
3307	1360
191	549
388	2703
2522	2943
2687	2774
2875	2615
3215	1430
408	616
2136	455
1978	2727
2204	1577
598	274
1093	2565
1368	1630
85	2806
997	965
591	2603
2666	1396
1300	1722
3432	2834
2032	2962
2111	3468
3183	2881
2868	1868
754	2708
997	501
2047	3146
2421	1195
95	2517
1180	3453
2674	2356
1180	350
3436	0
1623	1093
1089	1299
1428	1938
764	3255
1476	1090
2932	1632
1489	636
2879	1811
810	3425
3277	2366
1047	1752
656	166
2291	3232
1017	564
1230	3443
2868	1919
3326	1296
1758	806
2588	2501
627	2147
865	1324
136	2137
2522	1209
1416	490
1474	1135
997	3367
2925	2079
3136	665
1165	3461
1988	2134
1161	1660
438	2727
2558	2848
310	1442
1414	2123
1335	2964
1289	33
59	1422
1092	2165
2588	2609
601	1888
2181	1152
1825	958
2033	2819
484	1381
165	1527
3085	184
136	1285
1558	1311
2626	2368
587	1476
1460	2779
194	419
408	512
1373	3368
996	380
2554	924
748	2375
2251	1594
380	1376
645	2251
370	1715
1239	171
146	1268
727	1713
2932	1460
1363	667
848	579
2740	2735
1149	699
1207	2110
400	536
2489	2961
1617	1254
88	3013
2331	1538
1422	3157
3402	1904
388	3012
1558	3114
388	1843
1070	824
1530	12
532	1232
1165	2712
2769	2093
106	1843
1739	62
388	2729
864	392
2192	2222
2244	358
1416	839
1515	3049
1356	1944
1822	2054
698	480
2165	1819
779	1741
1014	2106
1415	3178
727	1008
139	1012
2589	2805
3054	617
1038	266
2328	3336
184	2557
1361	1155
876	7
1516	2442
3011	1632
1032	1751
1314	3112
388	2833
3318	330
2722	2979
1015	2989
1387	3108
1387	3221
1468	1927
2023	660
3031	3464
3126	1773
1751	2450
305	1212
3243	1954
1468	3410
639	3027
360	1122
491	3247
281	779
2283	3445
2023	2713
2843	1382
1852	1846
1165	2907
2124	1657
1539	901
404	2710
1252	2547
2503	2771
940	2729
3258	1026
380	1770
1367	3231
2290	540
589	3031
2905	2943
3326	1818
1508	2930
2531	1413
1946	0
1234	711
214	3237
1791	54
1036	1392
1769	369
3391	1837
311	619
1210	3463
214	1261
3136	2736
395	2564
36	1524
1304	1822
641	66
2924	1034
2474	3075
3097	1494
851	2645
2936	2142
938	851
3216	1937
388	2657
1366	1785
972	2954
2889	1864
2626	1471
2139	374
3318	2899
3111	2865
1814	3043
905	1120
230	2536
2741	877
1038	631
2373	2709
1480	2173
2832	259
580	1846
1948	756
451	278
997	750
388	2408
1360	600
677	569
2425	2513
1337	1464
1906	604
532	1862
3243	530
2860	975
1067	948
2165	268
2317	977
1089	554
529	85
997	1855
102	1619
2074	48
845	281
2213	3168
1014	674
639	1103
1239	3220
342	760
2099	2081
1975	1173
1100	1309
1087	1654
3293	71
1415	8
3326	1972
764	3012
2883	2078
1442	2006
2637	3406
2279	1752
2220	1853
3067	2812
1199	1368
476	1900
3449	2185
1262	2558
1320	2525
1260	1462
433	631
2063	3010
1773	1573
2871	2756
2522	2365
1387	1247
288	138
1175	1240
1648	1409
2384	668
3420	725
2285	2868
734	186
2437	1933
2471	1957
2430	1616
1952	1380
1307	2538
116	1193
1017	162
3047	3158
592	44
2617	1119
1557	1494
3095	1386
505	1148
673	1775
396	3383
765	74
820	2335
73	981
2325	3306
609	3247
1549	1685
1395	1663
3326	2859
1071	1736
1151	92
1529	326
1696	1694
1017	3189
1595	963
102	1362
354	1156
613	2176
363	605
1395	306
15	38
2932	174
1176	1884
1579	87
2302	2998
990	949
1548	3173
1813	1778
306	2453
1486	2834
3135	597
579	2063
2838	3462
2740	790
786	1131
871	330
3385	1420
1159	2107
1339	2897
1818	2225
1141	3002
1262	3422
416	1254
510	1175
311	564
70	908
2853	2627
157	2306
1211	2560
210	965
2032	705
2099	1828
1211	2837
763	1024
2705	2529
388	99
306	3407
316	754
3374	189
3324	3323
2060	2847
3031	600
1792	835
1841	2126
2919	2257
1355	467
1279	836
361	659
1038	3337
1623	2223
1468	1350
2783	772
1302	836
2932	102
1212	624
1965	2014
193	1944
2220	2746
320	702
1175	2226
510	715
1649	1711
1263	177
1409	3140
2561	2944
2136	448
1337	707
1615	869
476	1242
307	1975
88	733
3030	636
1613	3071
2128	2782
2369	372
1719	3155
476	145
1466	1361
1005	2002
761	1818
214	198
786	3011
2066	179
3325	3109
1166	790
145	1122
2077	2494
1140	5
2891	2846
2368	1464
1395	974
627	836
3068	2325
3257	2574
620	1688
297	1655
709	1215
1089	1950
2583	3117
2306	2523
521	953
1052	3290
2596	3098
601	2500
2362	3056
1163	1715
820	279
1402	92
1001	1760
2312	421
3183	3400
1515	3440
2487	2434
1472	170
2892	2774
1574	562
589	4
2353	2701
97	2089
1862	3127
3285	2004
1691	2730
2299	1800
1360	21
1628	1321
2737	3226
214	1197
1606	1421
1301	524
429	1094
262	3464
1140	3408
3136	946
1112	3011
2075	1016
2853	2229
1558	1789
312	559
1725	2647
1130	344
2972	1281
73	695
2099	2536
1117	3442
933	676
519	2686
1001	3144
359	1233
1017	2521
2015	1238
56	2670
1071	2087
629	3118
2877	805
340	2554
772	3191
3207	1522
2785	3466
1252	2990
1649	2684
1238	1156
2351	99
410	1612
29	1938
1910	315
1634	1400
788	1132
2204	766
1997	224
1898	3120
3388	1668
1001	1402
972	549
904	1173
940	683
1924	2356
533	515
2063	1181
727	511
1355	2124
786	1725
1548	3413
1405	1122
2788	1314
524	1228
491	3204
2735	2261
61	447
379	55
2508	2236
1663	1245
878	3374
1558	2724
2674	1198
1583	1185
323	480
2663	2955
1950	1144
1288	1583
871	3022
847	3370
2321	1060
3386	3196
3222	2135
476	1494
2283	74
1232	2270
757	442
338	2695
168	1986
1077	246
167	470
2066	107
416	2730
3221	1009
193	378
2428	56
535	2374
997	381
43	1075
2346	2242
3001	2473
3427	1010
2858	2824
39	3353
1828	81
662	2983
1548	1030
502	2167
3387	2792
2725	781
2810	1455
613	632
389	771
556	73
404	2146
3044	3233
73	2391
2879	1113
2830	3261
476	2989
3318	3339
1562	1964
610	3109
864	1942
1089	2136
3445	2132
1595	2584
792	2800
2554	2634
95	1309
367	826
2783	1790
311	3345
362	3421
2932	267
1615	905
3258	1789
1912	1460
764	1122
788	3122
139	1573
1585	2669
388	1349
383	1550
1165	2984
786	1559
416	224
2888	1462
454	289
805	2022
88	2020
1175	974
2786	2938
1514	1705
3125	2114
2805	2583
2668	2768
751	1862
1175	1748
431	2709
1161	3064
3299	440
231	388
316	1053
535	3326
1810	15
3202	3324
2588	176
1199	1305
388	2208
3241	1119
2735	2727
870	2359
635	3081
949	2420
2511	2900
3044	2937
3	2386
1089	1098
1558	2242
3398	1144
2042	1214
2599	657
644	3093
2919	1169
1116	640
2576	1784
1403	47
71	2998
535	2249
2538	2412
3017	663
2272	1234
1613	1786
2264	2928
2512	1125
2465	2470
2143	113
719	2699
3382	1529
1222	1371
601	2834
744	872
1261	1310
2570	801
1471	123
2646	645
3198	60
3197	2822
400	2672
2349	684
400	560
3013	2432
1973	510
2737	2596
1415	723
2456	2216
3218	2315
2272	3075
2511	2343
2581	1750
116	774
2701	2631
750	2133
1605	2680
968	1781
2780	1702
388	41
2230	2903
316	662
469	1221
1732	834
311	2047
3326	3394
750	776
2932	2321
1814	2594
1141	3038
2305	47
1606	1622
1087	777
2147	832
297	12
388	2997
535	2071
3303	1760
1234	620
2547	744
476	2572
3044	2599
2606	734
653	2623
820	1628
1175	3109
388	1823
388	709
744	757
200	2872
3126	2351
13	1405
1530	1668
1833	1500
601	2518
1613	2039
390	571
328	2600
2626	508
2919	3259
288	2092
1067	1147
2340	3389
885	1250
1001	2751
388	3202
3416	1423
3326	1149
2497	398
200	2042
1595	1916
3041	1705
2960	284
690	859
3147	1640
1780	2056
2932	1398
2014	1239
806	594
625	661
3388	918
1025	570
2197	2980
2445	1565
2441	2664
2325	102
102	2972
1057	727
742	3077
305	765
2515	1667
820	783
3478	2187
1677	813
1252	1193
1252	3000
767	1519
1165	1472
587	3357
2596	2602
657	2631
1067	1955
1260	2188
786	1936
402	480
944	1636
786	2535
1432	1494
2409	1847
932	2837
1393	2252
1170	2045
395	149
413	3082
3134	2949
2387	408
388	1472
480	1184
325	1977
954	1620
566	3310
976	993
3268	2388
2183	1737
3044	1634
601	2430
388	1783
1871	1742
214	1043
291	751
1581	2599
2066	2751
1645	2958
3385	2763
951	1171
2618	370
1842	223
2139	3276
1735	3155
810	559
665	316
306	95
779	73
870	1291
1116	2433
2792	3235
856	98
2526	1285
301	3113
1689	2031
2466	1707
88	1
572	1584
3398	515
1161	3236
1402	334
1739	1880
139	1419
2305	1385
2272	3192
1972	1600
2596	3310
690	1216
1335	1460
61	1296
98	1437
2214	2707
814	1315
416	492
2786	565
3095	443
131	3357
3044	896
469	1401
2291	397
764	1577
607	1437
2015	548
1288	1980
589	2511
108	1614
8	190
2818	814
601	1430
2889	449
472	3133
1852	2865
938	2480
99	907
3241	2095
3171	743
3340	3213
1617	208
3402	1405
312	1173
2662	1240
2080	3395
1335	2735
1662	2785
3201	1600
949	831
873	1385
388	161
1463	2557
388	1849
3273	145
1141	43
2218	2998
2929	1733
2948	1794
1507	199
3394	3352
598	421
288	1033
2734	602
3232	2707
200	2770
214	2816
40	1072
690	1046
1480	2757
2977	1961
2136	1134
860	475
2244	892
200	1435
184	1673
2372	1723
3318	2093
388	823
1558	1129
1733	277
563	2190
587	3093
2919	2711
786	99
1387	816
1480	1591
2888	188
2652	1465
3136	2626
1892	3252
1416	1438
558	745
2063	1583
1599	171
2918	2878
1416	121
416	1261
3405	3290
2605	2065
2701	845
1422	1610
794	2176
1208	725
165	715
809	1460
1641	1471
972	229
218	2587
2097	1506
3318	84
1138	3233
3471	659
1416	1017
1203	1603
85	1148
690	2567
2687	2145
1892	794
1200	907
3232	2433
2220	1588
127	2274
3245	2892
311	3412
1534	2573
2511	2174
45	598
3385	325
850	1945
3212	3460
2919	2958
2711	797
3385	3006
951	970
1321	1224
2066	1387
2063	1759
2136	913
3207	1283
2799	2478
2483	2116
2770	3414
1473	2393
418	875
2482	927
2890	3044
88	1336
423	810
1323	3305
591	2956
1480	2984
820	3324
719	3272
388	1938
1968	1533
535	2262
2535	3128
3390	3328
1559	1410
2569	1661
601	1238
2198	2722
2805	2418
388	1155
1296	1672
1067	2874
347	2532
1613	1497
1613	1999
1355	364
388	1639
1321	2583
2940	584
781	593
535	2851
214	25
491	1922
3044	2696
1141	961
1148	1555
1279	843
3232	519
486	2994
639	2471
2312	1038
475	1556
1876	977
3232	1503
2021	2346
973	2285
20	634
2049	3126
670	468
2770	1232
1089	3446
1207	1353
1757	1828
634	1906
794	2174
2572	839
598	2720
3251	3079
2236	2404
2223	283
936	3353
230	1862
1852	1326
1309	1247
1813	1965
591	2928
400	1697
22	2614
101	1767
1014	1659
40	1467
2912	830
1648	2422
1314	271
2548	177
377	3398
3002	1083
2919	2614
378	2913
874	407
786	744
2218	2474
963	3160
316	1265
1191	1071
2063	597
1429	2676
1562	703
1797	1352
1541	988
2784	1981
416	2377
819	1609
1853	1762
2039	214
88	2009
1701	1491
2249	2627
3031	1734
2220	3037
136	2987
3005	1173
1089	649
901	2518
2770	1695
598	3388
786	1006
845	2744
605	90
788	2
1413	337
51	1881
2249	1838
1273	3023
73	2218
213	500
395	3094
1138	1803
1864	2587
1355	2468
1435	907
3212	1594
1403	1926
1047	1076
226	2308
1818	2573
388	2666
1110	552
1036	3178
1003	1832
1648	413
2597	391
870	1938
123	1
620	772
2895	1440
1206	1559
2882	2997
2972	507
2032	886
1615	2333
1367	2494
145	728
2930	1942
997	3068
690	1061
96	3309
1562	694
775	261
116	2737
2572	1072
3258	306
2325	2305
172	1682
2847	724
333	2492
3136	1568
2118	3082
388	1149
3197	818
3002	1868
112	2479
1613	3455
1051	3398
1261	648
3326	2962
1595	759
936	1100
1617	2758
159	1911
2939	1724
1910	1284
2063	1197
2105	3008
1896	2515
2511	1270
2840	1190
873	2573
3033	2100
1328	2180
1941	2466
2805	2830
1685	1997
402	273
1871	1852
951	1809
2701	2084
418	2287
2919	2721
343	794
3198	1409
2615	2358
312	3464
1431	3421
1141	1434
868	3361
1357	2870
1649	113
695	2776
425	1002
426	3394
2972	716
2574	344
3178	1116
416	481
2960	1988
1036	2843
2888	3236
3405	598
3383	2889
2902	511
2737	2563
976	3329
1613	1284
2559	3158
1515	1399
2057	2419
132	1897
2403	2638
2336	1875
657	1705
851	2359
2318	2092
2890	2193
1623	769
535	2054
529	262
2291	2146
1570	1225
469	3428
2050	781
1364	11
1232	3015
3232	1835
601	2046
893	3112
1983	2967
388	2922
1696	966
820	2397
2023	1843
2427	3055
990	3222
896	433
1157	1169
388	353
1028	2003
938	2764
1093	443
3387	2597
1014	1272
2134	404
1585	1026
1125	3086
407	71
845	1331
388	2566
2954	1498
3310	2509
727	1671
808	246
179	3464
842	914
388	2752
209	3162
456	872
3200	3393
245	1110
2740	3137
786	1516
2838	1110
1685	2060
1613	2883
1869	18
3385	2978
1398	584
2454	1531
1037	2453
1751	934
814	1145
1861	3030
894	2391
1528	2044
871	2904
2063	3406
2993	699
1089	494
2778	1283
99	1063
1631	849
484	738
1633	376
1732	2558
2316	2440
181	344
596	1505
3222	1716
1416	1309
2220	2892
95	1850
1239	712
2208	2044
2080	53
400	2042
3050	1746
388	2940
1376	1421
2139	1770
324	3225
786	2733
1414	1190
864	428
936	2270
2822	1834
997	3178
690	612
1418	1188
566	3176
3210	857
1864	98
711	2897
543	1646
3326	2749
1067	404
1164	2143
2832	3186
1065	1949
1304	157
1574	1656
1409	2591
2594	407
355	491
515	893
2786	1338
783	1990
1502	568
348	1954
2511	1320
1246	3368
3470	9
3382	2643
1739	1218
88	2981
1585	2092
3104	1042
510	833
1337	1067
1523	2191
1028	2863
2270	1993
1337	158
1613	2512
408	53
1299	1905
1855	1079
2507	1965
1021	3230
476	77
2866	398
388	2621
723	2078
1001	629
274	3041
84	757
2902	1391
3170	612
1252	1612
871	188
3285	2584
3387	2614
153	3290
2019	242
1607	2393
2713	3054
760	3256
3288	4
757	1591
484	3461
2805	533
1175	2303
636	1235
408	116
491	1138
1805	70
2461	2352
2073	1366
351	3336
678	510
450	1968
3031	326
1168	2779
1717	1248
1321	2057
504	1134
534	212
51	805
2471	401
875	2715
524	1769
3331	2138
3210	325
744	473
3113	2180
190	2187
2254	717
2828	3115
3184	2783
979	2230
2102	575
555	2484
1452	3007
1574	2110
2316	3076
1057	2347
1709	2964
1649	706
3287	2802
449	2388
2918	2928
348	906
2063	503
1446	1534
3385	3241
88	1163
2616	1959
1779	3179
13	1823
3183	2296
2277	3438
949	2040
1193	107
175	2679
42	2782
193	153
2511	2062
2919	1620
1093	1450
1395	1845
1141	885
2905	2049
3326	3213
2652	2391
2063	1865
387	1677
2840	51
1289	1471
2902	430
1952	2645
843	493
2367	2485
1217	2998
1715	2827
1864	2152
2063	865
3359	1384
1387	2047
1252	602
1260	1472
2577	858
3191	1702
388	3251
2194	1836
3210	3381
1246	668
1515	2626
1623	2287
3446	2426
1562	2959
2888	755
1495	1221
2932	1496
343	765
686	1795
388	1049
2811	2374
1946	1737
2663	654
875	233
1191	2129
3318	2223
3180	1595
416	2718
181	3420
115	2473
1402	247
727	1917
2064	2543
1579	2397
2505	139
318	221
301	3271
454	1908
993	3227
