1106	2043
77	31
2234	655
759	739
2230	2291
1175	1182
1289	2223
1902	1672
3390	2200
905	783
443	1012
2236	2354
620	698
3258	863
1638	1557
1335	1924
2932	1840
677	1418
2840	2171
93	921
486	938
2826	911
387	1813
1524	34
2701	425
1572	1898
1355	3387
388	566
1574	196
3382	2863
3318	2238
1922	1815
693	3367
2037	2773
2434	2629
281	655
2940	2415
845	916
1690	1167
913	2191
1431	819
388	2253
1067	3225
981	21
1515	966
2547	1114
2677	2510
1800	1924
3216	42
864	1443
1400	786
3263	1647
1364	2991
2953	209
2995	2808
3212	1924
1912	1018
1071	2318
2033	1172
786	909
1442	1930
1431	698
527	1500
2932	2136
2028	1775
2131	1770
3376	1448
166	1269
2722	2963
3471	996
3304	3066
1239	2474
1210	1226
388	1742
1199	2260
1769	3438
3157	1334
3347	2129
1469	1470
2047	13
774	1050
727	2287
577	1091
3241	605
1287	1913
1145	200
2522	2373
2063	1252
757	1464
418	1885
2806	2307
1516	2856
388	1283
2525	1934
382	1101
311	713
1809	2247
2230	1558
1828	1927
123	3387
214	400
896	893
2362	289
2562	665
388	34
2687	2302
1010	1563
851	164
3080	2958
622	1361
347	185
2896	1355
709	1491
3446	1075
1924	1910
542	2016
1058	279
2674	575
2095	2881
3428	2486
3106	1337
2014	87
2831	2435
2239	1962
1558	1344
727	518
1313	3156
598	177
2028	1737
3001	1660
1017	3031
556	231
1631	1732
416	2434
3347	848
3044	3460
398	954
95	334
1273	2450
95	559
3382	961
2237	3393
963	378
1541	2260
3346	482
1733	3375
507	1038
3258	1151
1659	3044
154	1081
1576	655
1138	2646
1147	115
1116	2843
3232	834
1519	2549
632	269
1955	2635
3258	871
636	2011
2905	1224
864	191
440	492
3054	416
95	79
2227	3039
378	1709
1151	87
2031	515
1028	773
278	317
1363	1674
2244	949
583	1190
942	1577
1924	2722
2842	1534
968	1361
870	3318
1616	55
1939	2354
1901	38
40	1623
2888	1495
193	1112
2236	146
1219	1664
1037	107
2456	1701
979	3343
3236	3285
1766	1657
1787	1778
1954	786
388	716
230	2190
2254	987
2695	3405
468	2068
908	667
303	1256
1232	35
639	3266
821	292
3044	2693
2837	516
2808	3224
2332	2788
1613	2305
3199	1167
0	451
388	70
2701	1247
3031	3079
388	569
845	581
1139	1167
191	3074
2421	1568
2868	750
388	1361
1427	1502
968	385
3031	2414
1643	478
1014	727
976	282
1120	2883
1410	373
2574	2555
1099	477
2720	1994
1232	786
843	193
1551	716
709	1328
543	1549
2797	1764
1416	613
1503	104
3478	3230
2163	796
2083	2084
2880	3066
1355	2047
3390	2698
3405	3150
2099	811
1421	479
601	1187
2249	416
475	3329
653	262
2616	3139
1395	1270
1427	2569
834	1288
311	2959
2244	1147
1944	2093
1571	3044
3176	1633
624	937
1922	624
805	546
24	193
3006	2576
1139	1616
2162	1047
335	301
2492	1838
1844	740
944	165
2934	1105
2791	328
919	362
1558	2129
2522	940
3347	3053
810	497
1063	1101
1053	299
2772	2632
979	2722
1014	408
3368	1568
952	635
218	727
116	953
3261	1895
119	807
327	393
2616	3040
2233	2150
3182	3433
1698	2365
1468	1819
1377	1060
3049	2332
2073	1978
1300	1266
993	88
333	1445
3241	2161
786	165
3157	3468
1486	3414
1957	653
73	1266
2471	1871
948	2823
2306	1378
764	2818
73	1126
1089	935
2838	2655
705	823
1010	2883
3222	3039
709	1887
2602	2908
3446	1616
2439	1831
88	182
751	777
1234	11
2571	107
1486	1264
1168	212
764	1228
1839	2257
2306	230
2020	1012
1233	1743
297	727
1677	2080
732	612
3044	925
1562	998
2064	488
1616	752
1769	3390
2403	1138
417	1338
2877	1277
1014	639
2063	2489
2522	3269
1452	944
2114	479
2063	3393
388	1645
3257	1365
2515	833
218	959
747	461
3385	1283
636	3266
400	1139
200	128
152	3024
3471	280
2617	1473
400	3449
1827	1416
3359	2979
503	921
3054	3044
627	668
418	2238
2923	2782
388	2725
324	1759
218	1625
2239	3387
1734	1622
2900	3262
2172	254
2461	2472
959	316
141	115
2385	3196
1285	3393
2194	2318
920	1186
376	973
2339	2175
535	3002
2944	2438
116	2448
1852	456
388	485
1260	2080
2347	1202
1432	1683
3031	2431
311	2204
2786	364
1507	802
779	1230
2450	1371
1736	2818
2491	3032
1606	375
372	988
251	1005
316	1192
3031	626
598	1193
3447	2206
2644	1979
2312	1174
210	204
2545	2548
42	2650
3044	1924
1767	1461
2984	3044
74	405
532	162
1573	1009
597	120
1562	3241
1762	2813
1150	849
1141	416
3031	2502
1216	525
2492	3417
3136	1610
1140	87
388	1577
2345	3349
689	2655
2674	1850
2788	2328
146	479
1199	2279
3006	2462
2305	1715
1056	518
1323	1179
2820	2677
2440	1682
875	396
3111	3426
786	715
2322	1596
2861	2502
870	327
316	340
2680	1849
2302	2830
1558	1335
2928	2789
1067	1335
2995	921
1084	3385
2511	1123
2919	963
1164	1298
767	2602
2108	87
1982	1607
2346	2110
2838	629
1956	1976
388	953
1613	419
388	2936
756	639
2940	2617
475	2194
1833	1746
535	214
997	2877
281	482
943	1518
535	255
388	973
1588	660
3333	2020
3312	846
2226	77
1135	1139
3216	259
3010	3211
3438	1930
2075	2629
1183	1048
1649	2755
3157	3044
2805	3068
618	177
676	1923
1400	1869
2522	87
284	1577
2616	2729
314	2818
2753	3039
1296	3145
1363	2432
999	3377
2373	437
3232	1452
1360	3097
885	1623
1260	1680
2553	3288
1139	1152
696	224
242	1128
2091	2566
598	980
938	79
3004	1246
1367	1617
1574	1638
569	359
1395	328
1370	528
1718	1764
1571	1047
647	806
636	301
2231	2383
1086	1354
2511	612
400	865
73	1300
1677	717
402	891
3022	919
972	2146
1289	3257
2713	756
1442	1393
870	709
1585	238
1014	453
2080	1405
911	515
2896	2313
2616	2413
416	1367
936	1889
3202	856
3031	3445
2993	905
73	1142
218	547
3330	1839
2062	3031
3459	2949
688	1250
744	2713
2608	2665
639	1252
251	2474
709	447
1821	1906
2112	1195
864	709
2932	2560
2325	1738
630	1619
535	2568
2151	1385
1151	993
896	1070
1508	1047
1739	1337
3405	3031
2859	917
2667	378
1548	2843
299	1543
1388	1057
491	2627
1285	20
1175	2417
414	774
1818	376
968	873
3167	668
1649	3385
3387	1418
587	997
885	1794
1613	181
230	261
2960	1924
963	1830
812	1375
2255	1664
2919	1418
2291	1548
2014	3124
1844	3347
1574	740
2288	2328
580	1906
3253	3138
400	678
1620	1178
1718	2737
3139	1846
786	1549
2859	2999
1038	193
1067	1924
3200	3446
3376	1776
388	2567
236	1104
3385	1044
856	2807
3346	1906
1282	1678
601	1252
214	3385
1067	2843
418	329
3326	979
2336	652
2023	2027
3443	1785
2099	1780
589	3413
1432	3114
388	788
1059	3416
388	1558
535	3369
3044	2501
2805	380
388	238
1345	149
3326	295
165	2118
1912	1937
2522	3329
3420	2977
1655	2908
798	2223
1551	1764
3007	3183
375	1277
1770	103
1416	2898
3258	3106
1801	841
2294	3310
786	1889
218	893
1017	1219
3002	2954
2336	3147
3241	3031
3314	1764
1067	3022
2014	229
360	94
2701	1397
1050	1097
3215	1632
3017	1533
3326	2064
2428	1126
515	745
627	2345
145	2499
1207	3182
587	393
563	3215
203	1557
1507	233
311	1446
759	1452
1336	1673
3390	2817
1165	1093
1961	3019
218	1864
1159	1817
1632	2431
2198	550
193	518
2617	2466
3221	1139
2291	809
1001	3244
3200	1234
3112	3230
214	620
2918	2697
613	1575
388	3263
400	1619
1260	2652
558	733
2855	2830
1017	979
502	265
285	2079
1651	1924
1653	1413
2047	2833
2624	411
995	2238
1360	3294
940	2649
1721	969
845	939
963	2371
1861	667
938	165
1822	2258
1595	722
1416	1112
2457	1128
2373	1187
416	1348
1140	1138
1450	1336
327	465
2995	3235
2932	2265
2927	1061
879	544
1558	848
3212	635
814	1906
1907	3182
565	1616
2073	2587
2788	1817
1031	2072
407	540
2554	2938
980	3310
998	2898
3430	380
3385	1771
2331	233
2920	2827
2211	400
1559	1106
2047	449
2181	2673
821	969
73	1814
380	1032
2511	3344
2049	1308
3031	2317
677	327
3446	1187
2972	2732
874	1629
127	1509
739	785
230	662
200	501
948	654
788	895
2047	875
2389	2086
1800	3473
2596	1507
1514	2129
712	739
709	1558
963	2547
2291	2511
1912	2468
2756	3178
3009	3445
1321	1097
2961	2965
2511	1551
595	1729
1304	1420
905	394
402	1050
388	1344
2063	1036
1519	1625
3350	3301
603	1397
397	81
1449	1906
1558	2253
2687	2569
3180	3022
2223	2318
1912	2506
230	3001
252	2292
1017	2698
833	668
2479	3207
794	788
3054	2972
613	3385
2296	3222
139	977
584	969
986	3222
1910	3323
1558	1548
476	577
1693	1694
1387	3178
2919	1427
1336	1857
408	620
2014	2919
388	706
658	1733
3340	2044
285	1862
3199	1048
2537	509
376	3309
1849	2744
248	79
1514	388
990	433
3459	1224
1452	987
3097	1989
2325	3350
2047	2110
2138	3226
1994	286
2428	3140
589	321
3006	3232
102	3044
2063	3329
589	2220
3010	901
2981	1893
510	810
123	635
2515	1337
3038	1221
1262	146
139	944
299	1186
388	1040
1221	1867
2139	576
3200	1048
1067	2655
1119	882
1442	2305
1631	2631
2972	3139
48	568
1200	57
1021	834
1261	1451
1422	1862
3387	2655
1520	358
661	612
1138	3329
533	1468
583	2347
1252	115
764	1520
3285	2277
1792	3035
388	824
957	877
639	819
709	2047
990	739
1955	1584
2616	2454
1613	871
326	158
1141	1183
587	1823
3044	1621
2626	1399
298	561
852	1490
819	1258
2656	1457
1613	1260
1928	1958
2139	2954
145	831
938	95
2151	2149
141	375
425	927
844	832
1641	3378
2616	1410
2456	2477
402	1097
2119	559
1151	1191
1210	3416
11	861
1706	1994
635	865
2336	2079
2313	2887
2615	3446
1395	1876
2015	2740
2893	3124
871	3377
1845	1809
1165	2238
1068	3087
3145	2219
507	136
2015	1795
1001	2921
2063	342
1261	842
866	834
1089	1087
601	834
40	1050
3145	3255
949	1409
3049	1380
955	2936
1252	2139
972	3131
1562	1008
1815	2612
2740	2727
2859	1418
887	2405
1897	2405
2457	2561
1260	1906
2818	287
2682	2424
3262	2926
35	986
496	1743
1631	3385
1147	1646
2385	2577
556	1749
2336	2431
2616	3323
3131	193
119	301
2064	400
3262	193
1089	842
1850	2511
2015	3387
2294	3416
1075	1048
388	3021
2847	3222
3086	3133
2730	3415
139	3418
575	1179
2235	732
1355	2267
2931	2728
1576	434
3326	2740
416	2877
871	2981
2932	3013
416	115
700	3137
1683	2636
1649	3423
145	351
1773	396
963	2729
1239	871
39	635
2788	3375
1603	2179
2858	2220
1163	574
1409	2646
88	61
535	1438
1967	2461
116	230
1047	2161
856	1619
353	390
2888	333
1694	128
2511	2058
1098	268
2306	3336
388	1252
636	2740
1067	1558
2316	1623
388	637
396	1694
3326	2805
1787	1238
690	429
1998	3387
13	158
972	1853
2507	1336
473	2818
1573	2373
3124	2818
1355	999
359	1321
1591	1841
413	2517
2391	1391
875	1733
794	2041
2515	3019
1859	3159
1159	2730
1164	1120
1613	145
2776	709
211	639
3265	3256
891	453
1742	2818
757	1485
963	1217
955	361
2598	3329
2877	87
388	3048
450	2373
2291	3157
73	612
2291	2972
1649	893
1910	2843
1220	1695
119	402
230	1896
904	2347
3407	1455
2672	2140
2276	2265
2362	1599
2471	1364
486	219
1393	1930
400	3095
851	1616
898	1549
1591	1593
2087	2967
3425	1846
2204	1082
870	388
2665	2840
1474	3339
2701	1926
147	1169
803	158
3206	2034
2220	2535
1393	935
1709	2555
1416	1575
2262	417
1690	1152
3326	2589
311	1055
1159	873
3183	3044
1086	884
289	2563
2511	2678
518	1050
3183	2474
551	1888
1089	756
327	1815
1615	2770
1613	2810
1478	2458
28	2698
1514	1558
2032	1067
40	301
2697	1215
1439	2751
2698	2200
2730	1635
2871	998
3258	3054
394	714
3127	1138
395	559
515	1771
1120	841
311	705
2371	2530
123	1228
2613	1602
690	141
1777	2625
1382	3425
757	1490
476	288
3326	313
3044	973
2165	2583
629	678
808	1657
299	1215
2336	3031
1718	2440
368	293
763	105
1399	2883
1726	3397
2064	1112
2999	1816
295	3093
2522	1558
747	346
3385	1737
889	388
851	519
1637	1855
560	43
1613	2589
2455	1700
1141	1175
1140	2598
2653	1959
3201	2837
2554	1523
2938	2346
242	2457
601	2068
1081	1505
2511	3374
620	87
2108	1853
1355	1259
388	2490
2571	217
1573	2286
428	2818
1711	2392
1616	11
905	2000
3166	1565
727	433
1039	2147
337	2798
3371	2098
3351	1080
2073	2066
577	3310
2181	854
2687	2461
271	1210
388	1473
3431	516
1675	1925
1322	2925
1345	2196
3212	2129
601	453
808	2833
1388	20
1599	2703
801	222
2918	1735
3329	3310
2139	3445
447	1069
1581	974
2445	1558
1689	1548
527	2967
656	128
993	919
915	3062
1641	2356
3371	3363
3446	1765
387	734
741	1657
1067	3084
1363	1525
385	3273
3387	1078
2703	1824
416	2740
2738	1694
2660	1517
2888	3241
2972	2660
1273	2736
938	1709
2125	1181
1367	549
20	559
1403	1915
2786	1077
529	660
2989	451
220	1330
2902	1780
2944	3399
416	974
2181	2884
1047	3342
1427	2716
577	117
1405	1453
510	977
2763	1033
529	84
498	2773
1052	737
1231	238
73	1551
3204	3333
1658	87
2574	3347
871	2083
1609	2347
356	3044
1318	1926
2428	88
896	1409
2403	3062
96	976
145	710
2479	3418
2889	1951
73	2364
388	440
1833	1654
1057	2350
2531	2088
1915	1870
2472	2821
1135	1048
3057	2103
2596	3405
2198	400
2481	1813
416	881
2972	1573
675	784
3241	2955
3106	2511
1159	2288
1514	2032
2272	2047
388	47
2740	1569
254	917
936	1890
2810	2016
2565	3411
1954	783
2214	3176
1558	1442
1416	238
2641	1399
1436	126
2105	2300
1886	2687
3250	2171
1197	272
1983	1411
2336	1445
214	2919
3409	2467
3161	3130
2500	2106
1405	2139
439	2306
333	2709
1820	2679
2614	1418
400	811
2589	716
535	413
620	1046
598	893
2919	2832
266	1019
487	501
1730	2843
529	512
3318	3002
1587	1035
3281	2743
1120	554
2013	2337
388	2286
1262	2354
88	740
1668	87
1546	2818
2261	1771
388	3166
1613	1649
3167	2322
2561	3411
1140	2434
1416	48
2701	3036
2023	3424
846	47
1355	830
764	1625
3371	763
314	873
3200	1180
3238	2392
2905	1940
323	508
520	3349
2573	219
1127	2995
1479	1234
1415	3252
218	184
472	1558
1495	1925
3031	2095
2253	2788
200	3222
3031	1150
990	698
1151	1179
2139	2140
2489	2768
2056	2175
1807	3350
2106	2140
1847	1862
476	2028
759	224
2938	2110
3216	875
2805	2057
1151	2711
2286	1483
2838	1561
145	927
463	1181
416	3125
3386	619
1001	3111
3125	1815
1975	3466
1648	2315
515	1300
3157	843
438	807
1427	2199
2730	2288
2407	3314
2093	1080
254	1345
368	581
311	2064
1814	2555
786	3408
8	2168
1689	857
468	1944
3285	2501
3403	264
3174	3428
1638	939
1047	3208
535	39
690	676
1161	1139
3031	1790
1211	638
461	346
701	388
2616	1910
1751	8
2425	1924
3210	2960
1354	1725
1842	2980
3044	3450
598	3031
119	806
1289	1570
1036	3249
3044	2933
3298	2515
535	854
589	657
73	1280
1791	3241
1471	690
2379	2406
2617	2309
1115	2441
2129	2910
1141	1690
911	745
2740	2587
2063	1106
1017	1925
2372	3390
1886	2611
1314	2009
1864	369
475	2435
2013	3045
1284	892
1427	1580
218	1230
267	210
3387	2789
388	530
1975	1374
295	403
3326	1610
3044	2403
40	362
1261	388
1200	1623
2822	3371
779	893
3201	970
1082	972
644	2750
1347	1243
873	813
416	2031
493	2101
589	2535
2291	388
1107	2029
3136	2454
1562	1405
1690	2358
980	865
1014	1811
3347	3084
2004	1427
820	938
2927	1790
2555	2278
2702	3476
376	1094
388	1418
519	677
2124	3339
535	1300
936	224
1285	2005
3222	128
1689	1452
1918	1165
695	3414
3432	1715
844	1577
577	1575
388	1116
1627	1510
418	871
590	111
2201	464
2511	328
2908	3101
40	981
374	1338
1318	807
418	1246
1903	3246
779	1658
388	2648
3401	2881
316	705
919	1629
88	613
1761	3329
1014	951
2015	2018
1103	2583
100	326
40	518
2479	2415
607	1050
2624	1987
2692	1171
3036	1544
693	86
980	891
1610	865
514	489
3241	2963
1862	2305
951	1709
3136	3019
1309	2006
73	1260
2249	1260
2740	5
1486	678
1151	972
6	1577
1103	273
775	1896
1862	1906
1234	2472
1461	636
693	251
1322	3190
648	702
1071	2391
416	577
260	1284
888	731
1289	1404
750	2825
1139	501
1424	388
407	552
1416	1473
2367	1544
2393	2454
3285	1814
824	31
416	2884
1726	3394
3326	3125
416	1779
3428	2327
1093	2223
2566	3173
2487	2153
2515	2587
1394	2720
972	2272
1613	3031
1053	775
1302	3160
1409	3022
944	322
3171	3334
3474	3201
751	2308
388	1893
348	3241
3002	2778
2616	963
1044	1629
1416	577
1071	535
1975	3019
998	1202
1038	3131
601	785
117	90
1163	283
3382	2924
2792	2568
1387	940
2838	1191
3216	665
739	279
443	2650
1961	2511
1366	655
30	133
963	2530
3285	2555
1918	1230
1175	1161
40	402
2248	483
469	547
2336	2606
2515	3387
388	165
1617	2237
1753	3157
2919	1558
598	84
2063	1790
1478	328
1892	1608
2740	2878
1715	1942
1684	437
123	1056
1156	632
3388	1461
601	1585
416	980
1514	1825
2786	318
1422	2403
3210	525
2858	29
1427	2472
2317	1710
1649	2238
1397	2286
1355	944
3425	2394
2204	488
2511	3062
324	546
6	58
1574	1681
1168	3157
102	224
1234	1337
2701	2934
2334	1972
1922	897
871	3183
476	1617
3157	2457
1141	189
2641	1696
2188	527
2526	2537
1469	199
1828	318
859	934
190	404
1179	196
1051	13
577	123
709	3049
652	195
3262	3044
3030	2878
3044	2089
1398	181
388	532
3141	1439
786	1418
1580	1478
3436	1664
979	8
1395	2166
388	1039
1549	1858
311	1575
1084	1889
2544	328
3349	3012
243	788
416	419
2467	2025
1615	1116
1151	1472
2301	2531
95	1049
495	34
2515	87
1036	1371
444	1312
1585	1231
1534	2124
918	891
1733	2328
2965	3345
1180	1161
2378	3297
2321	1184
1861	3360
1955	1928
365	1271
3031	2197
200	396
2032	2843
1708	2697
3354	3230
102	2777
2665	2171
882	157
376	3044
1165	2289
388	1910
938	1746
1864	980
2892	2069
3180	1558
2394	2475
940	447
303	2121
821	584
2074	2313
416	2257
2615	677
116	796
1742	2340
858	2116
229	2818
563	873
2233	1342
3202	3027
942	1614
2816	1177
3085	2704
2554	1116
2437	2853
2063	3272
1961	637
610	980
1890	1625
1173	2818
1515	3351
3258	2064
1910	3251
3318	3143
601	724
2286	1427
1893	2129
3318	2954
416	87
1693	3222
1595	998
1138	2260
1623	1431
1648	1017
1486	645
2456	3085
2023	2171
3036	3317
820	3236
1471	88
1210	451
1047	983
2510	2753
905	2571
2015	2662
1617	2664
515	854
145	20
3030	1664
2561	1720
3047	642
2151	304
2859	1438
1402	3031
3416	3025
139	817
2919	739
1242	470
1840	2472
1416	568
2471	971
707	2818
27	1765
1071	193
1607	1887
153	1104
228	2020
1207	1979
1876	1397
1021	1416
3338	2079
3157	2374
1809	451
810	540
2722	83
739	117
193	1575
3397	1746
2872	3374
2453	3192
226	3391
998	1682
2572	1815
2063	2207
1262	2025
1067	848
332	2302
351	333
2932	3171
1103	2923
1570	3225
3285	2877
1557	3306
2288	2788
3054	212
1407	2184
1118	1828
2346	1962
1319	157
404	1285
2981	3103
311	3157
472	570
2818	1913
443	128
1293	1953
995	3067
601	525
1152	1183
1489	2174
2771	2716
998	1468
380	2181
1071	2260
1708	1840
1354	1760
598	491
2522	1515
1674	2193
725	69
2796	2818
3275	3477
997	3385
945	2039
2730	2301
299	1059
643	2641
1355	3222
2753	2548
841	223
1708	300
2291	3225
2663	1234
70	803
402	807
1017	2975
1922	698
653	2467
312	2981
804	1746
3187	359
634	1319
2972	2501
963	2574
324	299
1355	3416
1001	1809
2139	2469
454	2673
739	1811
3239	2706
3432	1930
2960	1910
2695	1234
2387	2601
3031	1210
2545	2833
1803	3093
1777	2302
1558	3385
1419	628
835	1181
416	1678
702	782
2031	3385
3285	2428
1252	1046
1850	1202
1363	265
479	2354
962	837
535	2832
581	1146
2663	3006
87	2003
1443	2520
1398	3044
2312	133
453	2915
186	979
2701	3215
2831	2695
388	2109
3157	2737
2959	3043
475	1970
2858	3413
1013	1104
1248	1857
1741	1530
2938	2818
139	940
3227	836
3414	2260
2788	449
240	1494
2588	2181
2218	1136
2194	2392
105	1673
1803	2726
1289	2955
3285	963
1169	2169
2729	2278
765	63
388	3131
1297	437
418	251
1562	416
1514	2564
1661	2840
1918	3306
2511	1592
1419	1997
3268	2079
2137	1386
1001	2323
292	969
1036	3009
1254	464
1545	1724
1262	2978
1773	128
439	1623
2479	1670
2307	1133
1098	11
2669	3387
388	155
301	1050
419	980
3171	2472
719	591
1875	1030
565	908
1427	1960
739	1192
1000	2106
532	986
2729	2552
2730	3237
587	981
1570	2740
1516	927
2554	2867
1138	1925
746	2475
2873	2317
845	1082
1559	3277
1017	1623
598	3098
2060	1868
1067	3213
1444	1496
2325	1804
1051	1255
2341	2059
1373	1682
912	3154
788	3398
535	1017
2326	1783
3421	1047
1055	2064
2387	1585
1268	2955
2063	1900
1446	1307
1799	2053
2080	1210
2260	3329
1444	1338
48	258
904	2511
1409	2237
1141	1139
1161	3199
1884	3152
709	358
549	20
2731	2892
3168	1989
1577	3294
3095	2238
2032	1548
2291	2352
1172	2655
1814	1788
819	810
400	101
1029	2404
2274	2310
535	3330
1864	182
3432	1204
3044	276
945	1198
3428	3453
2064	1617
1649	2756
316	721
2919	328
2067	3166
1239	824
488	3377
3157	897
1516	848
972	1316
476	848
400	304
3136	1950
1211	3251
519	1616
110	1192
672	806
908	697
388	2301
1347	236
2783	998
387	102
993	2003
33	910
1235	3252
1141	316
213	2818
2568	115
1277	1601
1534	2193
1621	1512
813	1671
1961	2927
639	620
2713	639
1688	700
1621	1064
709	3053
2249	400
3446	1152
1988	2334
719	639
1258	1811
2577	2972
2130	775
1969	2898
967	1160
2881	2833
1840	1427
388	2374
2883	554
878	3392
3080	3414
486	1426
2305	3233
1593	1841
2064	2511
316	743
2221	2141
3243	2260
3111	62
1454	1130
2971	739
95	626
677	1924
801	941
388	482
1403	3125
214	2918
1270	2998
1564	1306
515	1266
3420	2946
2073	2049
1732	476
2993	483
1239	2257
484	1270
759	453
756	980
3183	3045
397	899
1518	1056
419	635
1933	2822
2511	1228
535	548
870	974
3444	2957
3044	2587
2063	101
2063	2936
1961	890
476	951
723	2096
1471	468
208	1030
2618	2817
873	2818
1792	541
3331	2778
3258	1089
3236	473
794	1520
2233	2317
2701	2218
1405	2161
1071	2011
566	1942
556	1462
2559	1789
134	2346
2919	2238
3446	1167
2720	2508
437	1187
3218	1070
139	973
1631	2884
1367	3349
2687	2611
1405	6
214	123
2138	1637
709	763
139	2554
2063	2174
1819	1108
2372	2919
3397	965
2410	264
2136	2687
763	635
388	1012
3112	3293
218	543
380	1464
1401	1338
181	2347
82	8
3331	2123
1056	774
2966	1568
450	1484
3169	2116
288	578
2888	1551
2667	963
2511	1570
995	2511
562	1304
1558	3441
2889	1772
3390	952
2783	881
400	1427
949	2616
2932	2821
1211	3203
1634	1406
2585	2607
1314	277
727	3385
368	397
986	2087
2644	1207
924	451
2861	3009
1649	1089
3167	3232
601	3310
1199	3385
1010	2335
1175	1621
687	171
2287	2673
944	87
3289	478
807	2260
870	416
3171	3013
2267	2683
1215	775
839	710
476	1258
2783	2818
1894	200
1718	2325
1388	852
3236	3432
416	927
139	1847
3136	3473
2876	2289
2372	1268
418	1601
739	1549
2724	2524
690	244
2367	1652
3068	2804
1175	940
2323	14
3312	2781
3007	1869
1677	2877
3030	2502
953	54
388	358
1613	3178
2931	1264
2395	1228
601	2538
636	3035
1093	636
1697	2228
2556	611
2233	2457
380	854
1089	238
1613	1387
1363	794
2440	1468
820	627
416	2939
299	130
2811	3399
1116	2332
2636	2818
659	1084
985	1251
400	2538
1906	1411
1912	1931
556	1056
3385	724
820	3326
1485	3414
1261	976
1261	3125
1249	740
1165	1648
2975	980
713	1316
744	1766
1659	376
1422	1715
1495	3387
1207	926
1136	617
1071	2838
70	3398
1246	1037
1116	2299
3054	3411
2325	3070
1690	3446
1728	3411
320	1146
3241	2740
2857	763
1402	2431
343	101
1355	1331
1486	1485
1649	3178
2888	351
1615	1072
1212	706
1089	2022
756	806
949	1337
762	1689
1089	865
1937	3419
2919	698
1387	1435
73	5
3054	2014
1583	2543
3221	1690
1962	1462
1649	1017
864	400
1629	2079
629	1468
1281	935
2037	3252
3376	757
388	445
1486	1925
1946	1560
3387	3349
3002	3241
1638	3264
3119	2154
1864	618
2577	1459
1495	3044
388	1216
938	813
2064	3310
719	1093
2164	1598
2867	2466
1237	2641
2966	2927
230	1207
598	834
2648	557
587	2631
976	1230
1289	1833
712	2643
1617	2877
3373	2399
1402	2218
1036	1551
806	612
751	22
2912	1333
2848	2008
446	2818
1363	875
522	667
2511	957
1313	846
1480	2538
757	2287
1431	2093
2017	2365
739	973
1323	218
299	920
2032	1505
443	803
2340	547
841	1298
376	540
2461	1698
1427	1506
783	1233
2776	2511
1178	3325
2063	2015
3241	2080
2047	2548
2325	2565
2012	2673
665	1694
2367	2218
1272	1776
601	1721
845	727
218	591
102	1341
835	706
2713	759
1474	2392
3385	2878
2723	2874
870	577
618	1192
3236	2554
476	1483
388	671
1961	2756
484	2500
1259	42
601	101
3215	2087
1103	975
1373	1276
2735	1973
272	3267
1665	980
3331	647
940	994
1589	1798
484	999
3387	2878
1313	3377
200	1733
1515	925
1014	1431
1551	3387
1827	1055
118	456
344	279
2522	1084
2220	2799
3326	1234
1508	2396
2927	1295
1894	753
73	980
739	817
73	997
1093	1067
1585	3385
2667	2574
3044	3445
2014	917
997	891
388	3116
388	792
2053	1989
758	1991
476	890
3200	1075
976	342
786	328
2702	2487
1914	617
362	1492
335	2011
1364	3361
1052	81
312	2257
1896	1660
989	847
993	1587
2047	3222
1416	591
2918	3272
515	1451
2066	2251
1675	442
2786	2467
119	1050
468	2881
2245	3222
1014	630
1690	1616
601	1260
2374	2818
1983	1817
2022	87
3131	2660
1389	775
3369	3317
598	673
1131	1147
1234	2586
2244	719
2063	445
1151	2818
388	2237
779	1864
1151	475
2972	3306
665	396
1869	1523
142	3414
1554	2667
2064	3381
510	827
1409	2605
1464	2673
1862	2079
101	944
2291	3441
774	1325
3022	1784
1719	2542
1837	223
289	1543
3180	3337
2395	2507
3326	3299
1120	1320
535	745
2060	2981
1135	3221
3180	2286
2215	1122
2306	2390
3334	1143
1910	1784
1140	2140
2805	1811
295	396
205	162
543	115
639	1431
1495	938
993	1373
639	497
3180	2722
451	2941
2236	318
2722	2843
1289	3178
279	1704
1089	581
2053	2464
1190	784
1613	629
449	3222
2220	2332
2461	2804
2014	976
2453	3031
794	448
1439	530
3127	1942
2019	1549
491	842
1732	257
618	279
1788	1709
210	1563
2537	72
3251	2118
535	515
2313	1371
1160	1326
2060	3212
1791	193
895	773
1631	2699
2238	2551
1828	180
2674	2286
400	706
400	944
2522	2513
439	1543
1792	592
2215	1736
935	66
1120	2144
21	393
1559	834
2626	1109
888	249
40	359
1389	299
2616	1070
3387	3393
230	371
1285	3387
1071	2135
371	1186
1067	979
677	1408
507	1422
2236	593
468	2566
1219	2453
298	299
1866	1244
388	2059
311	193
299	371
2425	1210
1260	3463
297	583
3257	2882
2616	1210
51	1984
989	952
751	1376
567	1385
487	1167
2783	1682
3207	1268
1296	1885
119	1950
1151	214
3125	3329
3385	852
2064	1211
613	1585
3412	3100
1416	1585
316	87
2939	1569
527	1090
973	678
3210	2120
1549	785
1313	2058
808	152
881	1044
1813	2645
1541	2999
2063	2838
1141	1234
1224	3044
1847	1770
2589	833
1750	2770
2770	1437
1478	2708
1207	796
3136	1924
1225	1
1508	200
871	3009
82	2818
2697	328
1106	5
1620	687
1096	291
767	1655
321	2995
2415	3279
715	1549
1504	87
527	582
479	318
388	3061
2139	1994
388	1328
932	2818
598	416
1005	703
614	3061
2982	851
998	907
2047	665
1651	2975
374	3163
221	2502
1261	786
484	160
845	980
187	63
1038	1523
1505	1687
1617	469
1322	1989
2701	1952
2638	2639
2698	2550
3222	2094
2210	1047
3314	766
1355	354
2372	1663
1537	2681
2618	3469
1239	312
972	187
2515	863
2542	163
1558	2730
2671	3216
1574	1126
2867	2309
1014	817
925	22
591	497
1968	871
135	2463
1871	1642
3425	1074
2317	3329
2220	2272
3031	3299
1175	2615
451	128
2466	3070
1483	106
976	406
1175	1135
1718	1640
3012	1557
3044	3277
3177	62
418	1084
1261	813
881	104
3151	1615
2047	3375
1140	2912
1656	1136
820	618
90	2303
2425	1286
351	2818
471	1452
895	128
416	2783
236	2912
3078	73
2277	1724
476	810
3044	955
1515	944
2859	1473
3259	1673
1452	1371
1709	1114
1036	64
3316	1846
311	1138
2740	2652
388	1213
1906	2237
2140	3309
484	756
960	639
2515	2662
1373	872
1067	2722
2757	3312
1260	919
1979	1557
538	2499
653	3325
388	2730
3155	226
1732	1250
40	774
1273	698
815	1355
1089	214
2919	520
3318	388
2724	3358
3385	3329
2261	3272
1648	671
2301	1817
3157	833
3125	3310
2087	8
2697	2238
1219	3192
598	1689
2439	2099
1515	83
1253	1102
2260	3317
1949	3345
1558	1361
3136	3217
2722	1057
774	518
400	3241
1005	1857
871	2257
1355	1358
2701	1821
3215	200
1579	1557
1055	847
3380	2647
2696	1895
3313	1887
2872	437
312	3040
1002	805
416	3229
3243	2740
1602	1607
301	1737
2073	1308
388	625
2792	193
1263	3252
3040	2490
843	1452
3044	25
998	1660
1289	523
2040	3392
2198	2546
724	525
2068	3343
27	1139
709	3216
1840	2302
1645	84
561	634
484	620
1405	998
1180	3221
318	2025
2730	1226
989	3048
107	2392
2316	2057
1864	873
348	230
3232	2662
904	2818
2522	3232
1089	1852
154	715
1212	95
535	3310
1893	3061
1753	843
1746	559
1289	944
1514	1047
1613	1570
2979	2897
101	3198
1369	810
88	667
3118	2048
1135	1161
1537	3471
40	834
1376	68
997	773
902	2555
215	69
1689	3241
1089	453
1232	944
1070	279
3382	3108
2805	1105
2788	2352
40	1321
3127	2403
3031	2036
2615	1161
119	24
418	972
641	3038
2877	2818
2727	2683
873	397
2501	2431
2579	1346
2302	1734
1513	1577
328	3012
580	3411
920	2931
3002	3387
2919	3310
316	899
1141	2615
1005	2081
1089	388
82	637
510	990
1708	2551
2902	1848
2220	1051
598	73
2198	2418
3407	2994
212	2897
820	136
1175	1821
214	235
2616	2574
2063	2294
737	1192
2067	1362
73	627
1396	1756
2792	3044
496	620
786	1473
1122	1617
1067	1355
914	1409
3183	1869
845	1089
1036	2050
1852	899
1014	8
416	745
2535	2307
1387	388
739	1575
598	1089
744	1443
123	525
510	3377
714	637
671	1418
3017	442
1091	2597
1613	865
1510	2818
1405	854
607	807
1645	635
2604	1468
416	1376
1176	500
401	996
3212	3210
871	312
1861	1255
874	3241
2740	2238
1446	512
693	676
388	265
2181	757
234	1473
2805	627
388	2087
2461	2468
484	496
2224	2539
401	352
905	105
415	2475
2737	1277
3450	2105
1672	1270
2701	2220
248	2101
2490	3367
871	1573
1259	1898
600	582
2588	304
3390	226
2236	501
3031	3306
981	393
1126	20
2253	1817
1814	2616
2014	1925
1120	1696
335	636
890	2536
2804	3034
786	1876
418	893
590	1338
2162	451
2535	363
1792	1669
1017	1425
388	2119
2578	400
1112	87
3044	2697
1409	2772
589	2332
3285	893
2909	2818
2562	1694
1171	2878
1085	1996
1422	1712
2832	3389
3061	1305
2123	801
2064	2740
2501	3031
70	656
102	3330
1721	1657
2815	2787
997	453
1549	1906
673	755
1234	1167
3388	1912
2647	2623
1515	2955
242	1683
2403	1862
1298	223
2260	2878
2119	84
1528	1519
1797	3345
939	525
1121	1042
847	1416
461	1065
875	3222
1573	1489
2827	319
376	2686
101	2787
932	2032
3207	2566
2047	1944
1541	1106
629	2850
2952	3234
214	388
2690	115
2889	2562
1140	1405
3334	3293
1906	1312
1833	944
3091	2153
1933	783
2805	2975
1955	1441
388	830
141	2128
229	2167
3390	3243
744	3366
2353	2715
845	739
3212	1558
99	2009
2552	1549
214	404
2511	1645
200	3416
388	2142
535	1718
2140	419
3131	512
1165	3306
327	2740
1302	87
400	2891
2889	3413
230	305
2566	1080
1234	1154
2403	2502
1422	231
3054	2859
1001	1985
1605	449
1387	1453
2568	2310
1788	2555
665	1879
2403	2511
1613	2014
549	347
527	368
1060	1568
878	2040
2241	1472
1739	388
1623	249
88	87
535	2257
940	1746
1405	980
2291	2521
3232	2934
843	1355
2062	1331
3130	1256
2302	2472
2616	2318
2817	2764
2706	1955
1838	2743
535	519
1971	691
601	2707
1139	1765
1265	1341
2362	2647
2220	2505
1422	2016
3031	2364
3262	2064
216	482
262	364
990	974
349	986
416	613
491	806
306	682
1301	1573
538	1788
283	1568
1151	3262
1010	1865
416	404
904	1037
820	1894
2626	841
115	3014
963	902
1017	973
1911	1455
1355	2684
1617	834
1737	880
2272	2528
1260	515
388	3079
589	3216
3455	1062
2377	1148
3086	46
1135	3446
2536	232
2515	2139
557	77
2289	2673
2689	2636
3198	3223
1665	1473
1718	2466
3262	2095
3200	400
1826	3329
102	376
1814	1709
2220	482
1670	3279
2687	2276
1619	224
20	401
761	2980
556	864
989	535
896	963
750	2660
3390	1260
1495	2511
1135	1616
563	191
2220	3385
327	1112
1135	3200
2981	2257
1037	2347
73	1245
1140	2391
1210	1681
2241	8
139	2778
416	3330
1549	248
3051	2038
3390	3456
1184	2841
3013	2992
1262	2304
2730	2281
1411	221
642	632
1663	739
1677	416
2932	3292
2589	1764
959	806
2511	2391
2439	196
1800	864
1302	1112
2919	1515
1726	1597
1165	2197
3445	1445
1473	1438
3403	1530
1541	1289
87	2983
690	1338
525	3310
1568	2837
2747	1891
820	306
940	944
1082	2919
159	1424
503	656
3455	151
1411	1694
1360	1322
2905	1336
761	2384
2302	2659
1239	251
601	865
2568	3385
2436	2169
1961	2139
1140	1246
1901	1947
3428	1792
1558	1910
136	490
3076	2832
1000	620
1862	2620
598	3232
737	841
1261	1910
3180	2182
893	176
428	664
388	3297
2719	737
327	668
388	3442
1503	881
789	924
2840	2442
388	362
295	1561
520	1540
3209	1153
820	779
2197	2769
840	7
1341	2212
2932	2276
693	241
998	612
375	953
2336	2903
40	891
1038	534
2283	2238
1001	1134
1073	158
908	182
927	2934
12	2328
2291	3180
847	2818
845	1191
1065	1542
998	283
3262	972
1623	3307
102	1773
145	2740
1481	3215
1373	1126
2032	3210
449	2548
1508	285
851	1041
3407	1911
744	1732
3200	2493
61	1146
1135	1234
2343	1724
73	3002
936	698
2522	987
2064	87
80	1842
925	2568
212	1409
2805	2587
2336	328
2616	3064
1480	2346
872	1639
1277	891
2422	2833
1017	34
80	2980
388	2008
2192	3050
3095	419
2734	2712
380	927
922	592
2824	2191
1515	886
856	1785
786	742
3383	1272
1239	491
3278	3328
2740	1405
272	69
3385	2260
1643	3150
2220	647
2064	972
3068	2722
1053	1215
734	1314
2498	2272
1938	714
472	2047
3360	522
779	182
1850	3005
73	953
416	104
3382	1366
1309	791
938	320
486	893
1141	3221
2851	1037
1137	2068
1405	1568
810	1080
790	752
792	503
145	2934
1355	2604
491	919
2249	618
2734	1005
1101	1625
3318	1515
2059	2329
1602	3313
794	70
2786	2346
476	2884
463	302
1089	635
2427	681
952	388
289	1755
3157	2568
2511	707
416	238
972	1523
3212	2722
1486	2256
2927	2878
1234	3139
1395	2139
416	1199
2018	1195
3044	2695
2367	3412
416	1282
2335	1865
2251	2361
1495	1658
976	1112
1473	1213
3432	1862
3416	2431
1071	1435
2124	2818
2425	2345
1922	1392
525	637
3237	773
3180	3241
3432	1789
3448	1556
1468	1202
1399	1109
2918	3387
598	1549
1384	1047
1137	2844
1864	1616
1302	1179
1559	21
3054	1606
2014	535
1524	2148
688	770
2895	3416
388	3237
111	1815
2220	2889
2589	1925
2066	2587
1140	854
2613	388
924	34
1402	2715
1840	2265
744	496
2472	501
1020	1457
1932	1422
1938	3181
1562	2161
449	13
944	451
2047	1411
3409	2025
400	1690
3467	2746
2317	1445
1649	1427
923	1254
3075	2566
1139	1183
1585	908
285	2077
598	238
2505	323
591	2504
944	1746
3359	2772
1567	1236
1935	1442
2616	2118
3031	232
2618	3396
301	2011
2390	3336
1853	3306
1407	382
416	757
1613	3231
1051	2818
1139	2493
3232	2927
569	773
1961	601
55	107
2334	1806
3431	2837
1155	2778
2805	2968
388	2469
3041	299
1838	2284
1077	93
2324	621
510	1014
1623	2804
577	957
968	376
587	898
213	1270
820	813
218	430
388	1291
3387	1185
2286	668
3326	1789
3331	3387
3232	2271
2139	3118
640	1427
409	1034
388	305
102	540
400	724
0	3415
598	755
938	1549
1894	803
1805	1477
2434	2063
295	2352
1231	3154
2270	2726
2420	2242
1246	990
2341	1558
918	2597
2063	1819
1140	3005
416	919
2085	3174
1395	2919
543	757
543	1716
1718	2149
516	2154
2060	2638
2757	47
3180	3212
3293	2821
172	722
1677	919
1607	3313
589	396
116	318
1130	2565
719	990
1814	959
3013	2465
1613	3411
1014	2877
1838	3281
3326	530
88	811
2919	3254
2359	2529
1538	2818
2367	1411
1093	806
1850	2955
1234	1690
2672	2106
2316	249
764	713
3044	2469
775	3356
845	1922
641	2648
2130	2221
3202	1387
1984	3321
834	1258
809	2525
2522	1654
851	357
1083	1815
93	1243
3266	674
1455	2746
416	1665
2805	2440
613	854
2496	2380
977	581
2047	2545
2674	3180
1315	1045
1541	1570
1089	419
1179	87
3366	1625
3212	1042
1787	382
2404	2539
1613	2663
73	736
1270	1583
2491	2827
3141	1334
1384	68
1754	1237
3390	2550
1922	1267
22	550
3326	3019
1719	2205
2066	2394
448	753
328	778
620	2631
522	778
388	515
3232	1260
1677	73
184	722
1631	757
3031	2392
3080	2534
507	1523
1649	1551
1442	2011
518	891
139	1146
229	81
1613	1617
305	1995
350	729
538	95
3216	921
3127	1950
388	2568
2969	2014
2461	3111
875	128
388	35
2064	2663
224	581
1864	1658
3047	632
3031	1681
416	1246
812	1943
3022	2129
599	685
845	97
3326	3093
856	96
976	123
1234	3451
568	2459
1934	1544
2653	451
679	107
1559	393
3232	1570
171	722
764	512
73	1087
119	1097
3448	308
3054	2861
166	559
2522	944
2720	2388
1777	1708
1120	795
2788	728
881	757
997	908
828	1715
495	283
2336	980
191	645
854	2260
1465	388
684	1007
1176	627
2220	3125
3073	2333
3044	940
1910	3084
601	1014
73	722
1427	714
2032	1924
3325	3218
1623	667
3136	1551
1975	1585
2898	1568
306	3006
1077	318
3162	738
2970	2967
677	671
297	724
6	559
449	2753
2246	1785
3473	3129
2770	2694
1718	1901
653	2107
1613	3277
3044	2799
2952	2914
904	3009
1071	3385
944	1473
1409	2277
999	836
1355	258
166	2102
1559	981
301	891
1049	2156
1036	1139
629	1283
601	1847
1031	60
1219	893
3232	2260
88	522
316	115
960	12
1347	1029
73	740
2930	1450
2734	2507
1769	1137
80	1757
1757	2980
2965	992
2402	1839
484	88
1631	3310
2505	665
1260	1617
1677	2249
1611	1622
677	2493
2220	2509
1165	1270
1089	2297
1025	263
1344	2301
1014	916
1071	2740
359	1097
2152	2818
1036	2919
2811	2152
1864	938
860	3222
2511	1992
1261	893
2014	2317
1648	2512
2299	2722
3125	2645
404	1277
1224	2515
1093	2066
968	813
1005	1983
3397	392
786	944
3224	2658
2615	1234
134	2897
224	453
744	211
1589	196
406	1658
2482	1057
2289	2012
2505	477
402	774
1562	283
1434	488
1818	2919
338	362
2669	447
2190	1353
388	1045
2713	960
1981	1438
1454	930
2832	3031
1537	991
29	1694
1869	2851
898	87
934	939
1733	1024
365	2886
200	1162
2646	2565
2752	2347
312	2761
1973	1181
1896	2510
845	2106
765	2818
820	959
484	1416
1239	3475
1404	1834
2564	1255
1789	3062
1265	315
2307	396
1119	2378
2301	2142
3438	935
518	2633
951	248
719	1143
3202	733
380	425
996	2243
1954	615
115	635
1002	546
936	1172
3318	2139
1683	2457
627	388
2722	2835
3405	87
3432	231
1380	655
1421	318
1219	2927
3157	3231
960	613
3258	1970
1975	198
1262	262
3136	3095
820	218
851	1187
2139	818
2079	2077
970	1575
3438	1393
1079	1450
226	2200
1613	3468
1116	3216
936	1549
990	1657
786	1925
1614	505
1631	476
690	2818
2227	2753
1112	2260
1161	1167
977	698
2236	2467
398	1560
1144	352
920	248
2722	3022
1769	2479
107	44
2859	1981
3219	2534
1623	1540
620	854
640	1870
776	2444
874	848
3275	3352
388	773
986	1733
979	2260
165	1192
2153	1628
1613	606
1017	1230
2832	1446
1179	1112
231	2255
306	3054
476	944
598	1473
2283	2334
2291	677
2080	237
1662	3449
2220	200
1558	1116
2472	173
690	63
359	891
2121	1594
3054	1188
2686	591
2063	2760
1815	109
1224	3123
2927	1343
599	548
388	2143
366	192
3073	2730
727	394
2276	192
1089	2353
3150	1925
595	2273
1239	976
152	309
549	1882
2042	2729
1647	2818
532	35
2847	2848
99	864
709	28
2063	1430
2834	1047
3385	3272
2136	1502
388	1205
698	969
346	157
3049	2272
739	453
2701	1544
2220	2328
2708	3230
2204	512
1480	2725
1151	788
1252	483
212	1842
533	1202
1017	286
1563	2986
847	3385
2453	3062
1651	920
2479	2518
392	559
1790	2818
1889	1267
1260	666
2019	1143
191	1361
1017	1617
1528	858
724	1451
388	157
3212	2843
1894	1773
360	1098
805	13
1617	1449
3231	2063
709	773
1409	927
119	518
328	3297
2325	2612
2616	2552
268	501
2668	497
1222	3361
388	385
1154	3446
3031	1445
3006	2066
184	1889
327	833
1571	2799
1442	1715
2325	3329
315	3214
1852	3044
2264	2338
3049	544
2616	3397
380	2934
1623	724
535	979
2276	464
1111	2124
756	491
1033	2448
819	1737
786	56
1084	2568
1047	1841
3387	2891
1159	2253
1089	1893
1742	695
1649	3232
70	680
2197	1445
1472	1733
874	2260
1566	2714
2690	716
1249	155
2976	2897
601	1071
83	1288
224	540
727	400
792	1559
535	360
1252	3137
111	1520
449	265
3031	333
1855	155
1818	2063
1151	535
2198	3385
2372	1080
2814	2141
998	3056
739	980
419	891
1029	283
3157	2063
3446	27
2722	1288
1876	2515
2972	1705
2325	3393
1649	2805
535	645
131	466
1988	2524
1409	2632
416	863
1405	1513
2570	1251
139	2255
88	3031
1001	2356
1014	708
200	3445
1052	1801
1773	2332
616	1418
119	607
1052	841
2859	2615
2434	2832
2128	3445
932	525
2346	473
1014	2805
2730	2818
73	716
3326	214
2063	3115
388	48
696	453
2854	134
2918	2832
1036	500
997	398
1468	1489
1175	1139
968	113
1050	891
1098	984
2611	2716
1151	1138
535	973
3172	2934
388	525
134	2110
2431	2079
1791	874
1130	3252
1757	1842
145	1606
73	1716
487	1645
3176	1838
1763	1095
744	708
891	1097
2371	902
2476	1752
1480	1654
2674	3343
790	2818
1790	1468
2903	1273
687	172
2515	2593
2933	451
1289	2695
2701	2848
1568	1682
2276	2380
1894	1219
2691	2137
1477	2296
3446	1182
1262	549
299	2931
1859	2591
86	403
2959	2942
1273	982
285	2715
1864	893
1089	404
388	1634
423	3475
2890	2769
3040	2208
306	416
2051	2053
3044	2487
2511	2551
2283	2200
1147	1698
1295	1311
720	148
1399	841
1242	2195
451	1926
3398	158
122	2818
1663	2595
2527	388
709	525
845	2919
2931	3392
1814	1211
890	1368
794	3398
1165	351
1894	388
1473	2762
3044	2662
2627	1997
2269	2128
519	1187
1262	1882
972	629
3044	1435
416	2829
1920	3154
388	917
2270	2568
388	947
1387	1515
169	773
1337	2082
2711	972
1993	1089
2398	87
88	1721
2522	2990
1301	1371
1322	2836
1014	977
1852	121
960	1110
2669	1355
2680	2470
388	372
851	754
868	456
2684	200
1175	1075
1161	1616
1890	469
42	158
649	1412
739	637
2047	29
2660	2003
905	435
3326	2934
1238	361
653	479
3385	3072
3125	2598
671	1704
2346	1487
218	1416
2604	3056
1555	221
2214	2232
2545	2422
1626	2868
2214	1523
63	2516
835	559
2508	286
3044	2878
2680	2744
193	807
115	667
2531	2195
1817	83
2927	1925
1253	581
256	3464
995	388
1268	2844
589	644
963	2278
2198	1853
2302	1502
3285	2574
1140	214
3002	1570
1017	3343
963	1709
1215	396
1568	2161
145	2143
734	1813
1229	1027
1962	2662
1111	2193
1864	1230
1083	1882
3405	3385
854	2818
1175	1199
911	2392
2054	3375
1267	897
2803	2821
963	2208
3326	3387
1311	2798
410	13
388	2804
1355	31
2952	1829
416	445
997	1277
3031	2102
794	1855
997	2109
493	931
476	940
618	2818
3195	2052
2596	2100
3330	834
2987	13
1473	3393
1138	2740
469	714
76	249
3180	1689
768	1927
88	724
2885	3005
388	2975
2425	2295
2272	2788
1818	2250
40	3385
230	1660
1071	3093
541	1669
3030	2315
2286	994
1549	1192
1277	453
1415	1130
2222	2818
1974	2983
2139	2392
1246	23
3067	376
519	1189
709	587
1514	3026
2272	2332
2501	1617
786	1138
1659	1089
1480	3044
2066	3260
1415	2964
388	1380
193	488
413	95
3041	1462
2332	3222
3475	1997
607	918
1973	996
2431	83
2961	992
2946	2642
936	1663
1679	668
3200	1139
2730	2843
1379	1882
2272	3125
3241	1405
3157	944
2906	3454
788	1855
3044	1418
2367	3100
1280	2293
540	608
893	813
936	1212
1574	2651
3044	1252
476	106
3441	3178
2031	2878
1414	2898
1093	218
2805	3197
3346	2041
2132	175
1261	1575
416	1315
388	341
1141	1189
675	1245
1579	1638
535	842
13	612
719	739
2197	1535
2522	1833
3387	2778
2535	2332
885	666
97	2391
605	668
3142	1542
1175	3385
1422	2305
2461	1872
519	898
932	284
146	611
1756	528
761	20
709	728
2791	207
1151	1416
2457	2418
1153	2466
979	3414
2220	522
763	728
1427	2830
312	1934
1713	924
2511	2832
1355	1099
2139	525
585	1763
2218	1288
2511	2660
451	3327
1199	3329
1854	67
2289	370
1118	495
808	2328
592	125
2722	1910
344	2818
2421	655
672	754
1516	3399
2461	174
431	463
1321	604
3127	231
1278	3032
957	2229
3136	3305
842	2260
2793	3443
997	3216
522	196
3170	1510
85	1084
3376	1485
3231	2740
1892	3223
3067	1340
3182	1660
3212	1277
601	1663
1415	1454
601	1021
1777	2932
2120	1910
3167	1384
3298	3314
1382	2475
1648	655
2740	2861
773	128
423	3135
3318	886
1558	2288
820	1914
1116	1741
2439	39
2402	979
1355	2102
73	522
2574	907
1940	140
2554	1480
1773	3222
208	1547
3326	2587
960	211
3076	1766
3227	999
2322	1521
2979	2976
3194	2684
1666	3435
1137	1268
2665	2027
1119	901
864	968
1289	1654
1558	2843
2014	1480
375	891
1558	1844
267	1270
1084	1279
806	1431
936	1267
755	334
1451	1687
1372	1371
1845	1855
119	891
3212	2758
1827	2064
1763	663
1894	625
3136	698
3210	2033
1800	3337
3383	3008
376	1179
1839	2809
381	55
1261	635
1495	997
1421	2467
856	87
193	1321
1574	1216
3006	1452
1137	3207
620	222
416	1087
1421	2354
2372	961
944	1568
3460	256
343	590
2796	2684
139	1422
299	775
997	667
1432	1128
2063	1610
1646	1698
218	1427
1803	2592
1031	305
2674	1240
388	2272
2064	2146
2403	2016
1472	2341
1055	2886
2080	661
3097	1386
1725	1186
13	2109
1797	1940
2425	3068
1886	2302
3157	1862
1325	891
406	1112
2713	211
139	630
184	2022
1468	2494
1089	22
2218	2077
3257	38
261	1012
186	678
1615	3251
3243	2011
230	1524
1210	1568
972	2568
123	612
515	2629
1648	2515
3002	2511
3040	2729
2919	2431
3054	852
3139	3316
3448	2523
2687	2472
1164	841
1422	1138
1480	3042
2616	1217
2972	2819
842	453
1576	3031
1307	1614
2972	3405
2959	1105
3200	1183
2063	2521
281	443
230	878
2566	3268
1021	87
3390	1935
3387	200
1532	3131
2511	1781
608	345
1592	1187
476	1657
1402	2595
1833	940
620	3377
1447	1952
3058	1409
1142	3121
1486	763
1055	1416
2939	2092
3346	3329
3215	1437
1099	501
1395	1021
85	2972
1549	877
1613	2238
591	1549
254	3455
3135	628
416	2015
1273	668
613	87
3456	1815
2291	1567
759	951
3331	2725
1402	3009
2615	1047
400	1418
864	575
1239	2449
416	635
945	397
1141	3446
2903	2606
2090	1116
481	2671
2740	1646
3373	1
3261	1666
1147	819
1405	2878
727	980
1422	482
206	684
720	2187
3318	3198
794	265
2701	2332
1924	2818
2249	2291
1077	2467
2511	2429
56	816
1387	2972
2525	537
3385	2050
1200	819
388	127
579	338
1292	2543
2038	2416
2367	1906
761	401
231	834
1347	458
601	518
646	2180
757	1266
3166	1715
1175	3200
3232	1515
1571	2972
102	1427
1758	2184
118	899
2846	3422
1505	586
2194	1526
288	3037
2213	3387
2127	3065
1975	1828
601	1170
690	39
1952	1247
2139	2598
476	969
1140	1089
1001	1327
1552	1267
1864	645
2792	2325
727	2927
1894	2373
1355	172
1988	1972
1350	2818
2684	3237
2511	3115
1976	973
577	613
112	491
3397	706
1963	3081
2595	2077
938	559
970	739
556	2554
416	1625
10	182
601	187
1014	700
825	785
2615	1098
960	694
1450	1740
2729	902
1876	2675
1559	1485
1750	2825
3044	2586
3326	1105
657	1051
1613	1395
2434	2697
2885	1853
3387	3414
717	1629
3172	3231
3318	1570
757	2884
3202	2714
8	981
710	914
1141	1616
1777	2696
712	3473
2511	232
388	1665
3181	1003
311	534
1558	2788
388	346
3089	796
3094	2664
3432	1119
601	898
141	8
1329	358
2615	671
2372	3183
2336	1402
2467	2354
2022	3385
951	806
2325	2797
2740	833
2928	3308
601	698
3106	1047
887	1846
2586	221
1486	3238
601	762
520	3016
1961	3329
2380	2468
3077	1963
388	803
400	238
2932	2238
1964	2803
2295	371
3432	3461
1766	408
2015	2975
2868	1234
1323	214
1355	2753
820	2192
3044	3422
388	919
2919	893
2701	927
73	993
1148	1867
696	1619
686	2179
2051	1322
3176	460
2994	3361
649	2658
3243	301
318	247
532	1321
3041	249
388	581
2699	3385
3232	1416
3060	1761
940	973
3112	3023
36	133
2722	3415
1623	3416
3405	944
1355	773
864	1523
415	581
786	2972
388	893
3183	2062
2892	2348
153	650
420	1061
1595	1202
1355	1328
3111	2447
2479	1137
2636	2634
1359	2818
288	2536
2013	2584
3052	1895
1159	348
813	287
712	52
139	231
1690	27
1869	3045
3142	2441
659	670
1924	2843
400	3237
1405	514
1257	1310
874	2740
467	1861
1302	88
88	1179
944	973
874	3329
410	1783
696	540
119	359
2972	973
2648	2558
540	837
1905	113
1077	650
67	1925
2932	3193
2757	2478
1643	3289
1912	3201
653	146
299	1725
2393	3219
1801	1563
2306	2163
1416	3385
1017	495
1527	3411
1748	2380
2066	2927
936	1014
145	1409
2220	2576
1314	1970
1855	3069
2387	613
2367	1770
2511	3225
820	97
2195	2088
896	3411
744	170
2566	3351
324	1397
2409	3375
727	2919
40	119
1468	1682
1150	1906
976	1106
443	3182
2437	1327
2294	1305
2480	2168
1515	1654
1409	2877
750	1167
2132	915
651	2574
1577	953
3044	1553
400	3445
1089	380
70	1733
3385	1179
503	753
1436	2066
95	835
949	1234
1056	891
1924	2877
1355	1674
1355	612
1017	400
3209	2012
1617	2646
1744	149
3471	1178
2626	1120
640	1915
2746	971
2376	371
2259	1409
1422	1852
827	224
1176	994
2291	1924
1387	3445
2843	1312
3183	251
2713	1131
1946	3125
1355	3149
388	158
2181	1464
388	19
2885	2902
2511	3294
598	981
798	2391
2615	1473
1140	1570
1922	163
1047	2820
1023	861
968	191
1135	1765
448	172
200	548
416	872
1281	105
684	1305
2302	2685
254	637
388	588
1399	1298
2454	3414
1832	2375
2680	3384
2060	2843
1301	826
2640	3222
88	300
2395	1893
1431	916
247	246
1359	871
1036	333
1932	2353
591	2601
2017	1698
3044	2834
2244	1089
388	1374
986	70
2885	937
1067	1724
763	1187
1990	1986
1801	1027
1709	835
1643	2740
17	2455
1409	2070
799	1025
1468	1568
449	3039
956	447
1151	1523
1921	388
377	746
3209	2919
2568	2391
2701	1835
142	808
1341	1813
3044	333
29	3222
1405	612
1898	988
1606	927
2461	1646
3031	1551
2307	462
1862	2238
1305	2727
3030	1557
2139	2927
3242	2734
1343	915
3456	226
388	2482
1486	233
374	3266
2572	343
2033	2129
2608	1813
2877	980
1676	464
2900	1873
3207	2804
641	2558
3452	2218
2931	1877
919	2916
400	940
2615	1418
1480	3223
1103	2533
712	224
1646	869
2737	3314
1145	620
1431	591
1424	114
986	2328
1954	1089
1797	1949
535	1280
468	808
804	949
1222	2471
3054	2740
2572	1768
3203	2392
932	1480
2291	944
1613	953
438	340
208	482
3212	3337
3210	1945
1693	2328
212	2397
2810	2283
416	3276
3192	488
3471	3325
3312	47
213	5
1089	2877
1894	794
484	214
1482	1105
2767	3372
996	3325
2136	1708
1758	1294
2274	3215
2346	84
2785	1058
1677	3196
810	1258
814	2218
3002	1839
1165	2336
1409	2218
2047	3039
587	980
2955	2804
1515	1833
3386	1453
1486	3158
2163	451
3212	3347
3221	1765
2187	2177
3016	2263
2014	2972
1077	1828
2446	420
613	568
3337	3347
1574	1210
1623	299
33	1819
2782	2379
3425	2475
2982	1139
1057	3022
388	1377
1085	3266
3212	1910
3318	2402
2756	388
1973	262
437	441
1409	1312
2215	1495
734	1341
2511	3310
2099	638
402	607
2294	813
2740	2109
2039	2757
2784	330
1147	453
2663	3232
262	148
1516	2654
2626	795
1038	997
2656	2661
2737	2587
88	362
167	2455
1649	2740
2730	1867
1056	775
1366	609
226	28
587	21
940	620
3127	2919
976	613
910	2469
2099	300
644	1215
1523	1575
2279	1910
2515	1798
1677	807
1933	2203
3387	515
2761	2818
1529	553
3136	2742
1595	667
416	2565
3397	6
1617	362
1599	636
2511	2057
408	591
3199	1075
2249	1820
1613	3258
2244	973
1175	1690
2710	3279
569	508
1019	204
496	1233
3200	1690
13	265
3397	559
2818	3220
3210	271
585	588
838	430
230	2163
1314	3212
3136	2087
774	807
1617	339
416	375
1589	635
3272	2598
2981	2474
873	1361
1984	2247
3355	1953
101	87
601	543
2113	2109
381	2818
820	248
711	2360
3202	2323
936	1922
556	1427
402	1325
1515	400
1088	408
744	1233
2453	87
2422	2548
2952	3173
1495	2402
2769	1047
1840	1580
2805	2430
3107	1556
1472	3003
1534	1111
726	1211
73	1558
230	3089
2616	2278
1055	1575
316	2740
2734	703
1407	2178
2899	2757
3136	3251
3432	3187
940	1264
138	1066
2139	2660
1548	2796
598	2249
684	21
1690	1139
2291	2843
2183	2180
2136	1611
587	591
347	2467
2080	2139
2722	3084
2843	3084
191	63
322	547
918	722
1165	437
1314	1619
2198	3217
3298	3186
1708	786
476	2115
2641	841
893	618
88	939
904	937
1480	3198
88	3257
3455	597
2479	1268
1864	951
3052	2252
1154	1183
2518	1745
1014	1688
1087	354
468	1969
400	638
3222	3375
1274	1287
2032	1650
2511	3329
690	111
1038	908
2511	475
73	410
213	2998
218	1658
1719	653
820	864
1840	2461
2785	1258
1141	1152
1359	3440
1617	2904
3044	2132
2454	3080
2932	843
1084	1644
1356	1991
1825	1281
1456	3074
1790	2174
1907	2040
316	1179
3385	854
2100	802
1613	677
3031	545
510	819
515	724
1844	2033
833	1569
1468	3353
2999	2818
416	756
172	383
1874	1870
332	2830
399	2113
139	864
657	3125
1063	1409
430	279
1234	1616
3405	2838
2983	3317
2572	972
1627	3170
786	486
2734	1411
807	891
2305	1204
2530	638
214	2065
1881	1906
3437	1796
2249	1585
1558	295
388	2373
2972	475
1523	173
1234	1417
2220	1116
1416	3329
613	1037
2512	3082
698	916
1249	288
3326	3232
324	59
88	196
3098	3349
419	3329
605	451
535	3399
1135	1075
3044	2431
1649	2066
388	752
3002	1405
141	2354
2572	792
73	1924
1558	1172
1961	3054
1684	2745
3241	1568
671	469
1839	2449
1067	2120
1224	2511
2215	727
750	2475
1969	2566
388	336
1260	629
95	683
2123	3125
756	2877
3405	1668
1648	3030
3236	2877
343	893
809	1821
1252	2740
351	1288
1405	3387
388	2650
3354	2708
643	1801
1141	1473
2136	1840
214	3377
1872	2472
429	2102
1415	2427
1585	620
1211	893
610	87
1961	535
295	13
424	1210
625	482
3347	445
2393	3080
3220	1724
1059	1540
1549	817
214	2886
1427	2855
2017	1231
15	2411
2328	2833
1349	2996
976	1191
1138	2139
3446	3199
976	518
788	70
952	1645
989	911
1961	3044
372	3222
464	1499
1355	1433
3285	3064
388	1962
97	3044
1191	3126
1017	283
2492	3253
65	221
1318	438
657	2332
1677	1206
756	1277
1159	2922
3387	2954
2770	2243
2600	3339
169	637
1135	1183
570	295
256	634
3097	3190
1093	1418
1196	390
1898	2296
1056	182
1373	1557
1884	595
774	891
1135	1690
1161	1765
1975	217
343	682
2238	1880
2576	1270
635	3310
2653	2973
1726	1878
2220	3222
998	1040
3278	3296
1210	1971
805	2650
230	3433
2596	1151
631	2435
2779	2684
3387	854
963	1788
1467	2818
388	3125
2515	772
2394	2714
2886	3062
2010	1640
2306	1116
677	3044
2371	2547
938	3397
474	1259
1579	1574
1180	1616
327	2818
200	2562
2680	2423
1135	1152
416	1427
375	453
3112	2803
141	577
515	1473
1539	2205
1611	2875
1019	345
535	2018
379	2042
400	328
2385	879
1788	2996
1234	1139
1663	1925
1337	3397
3200	3199
3219	2740
2838	1925
421	2712
3384	2470
1769	2674
2304	1371
388	390
969	453
1001	3102
2026	3339
2981	45
388	2528
2838	3093
2033	3347
998	1414
1246	2323
2522	2062
2618	2680
1040	2818
739	974
1161	1075
2066	1161
840	857
1663	117
764	201
796	3222
3326	1771
1006	258
601	12
1315	1243
3002	1260
3067	2919
1666	2320
235	253
613	419
852	1438
3446	1592
1234	1745
2302	2855
3125	3385
1918	2540
3083	2225
468	2919
165	1418
152	163
598	1558
10	943
388	1637
1319	882
2032	2722
1894	986
2069	233
2208	3411
1468	1714
1723	2328
1791	5
227	207
598	609
2644	1905
587	806
510	719
373	7
88	778
699	464
200	1926
627	1632
1405	605
1402	1143
307	1764
2063	1418
3456	2525
1071	214
634	882
1077	451
2886	106
786	3385
2724	1367
2722	2120
297	2818
795	2144
1047	975
1541	1956
1623	3041
2844	2955
3037	2411
2028	819
535	3329
2178	2184
671	279
2899	47
794	536
88	1716
997	1560
2409	2818
1405	1414
2430	3019
348	474
1859	239
119	193
650	912
3098	949
2778	2954
373	60
511	1304
316	788
3006	8
244	430
40	193
2055	2771
696	2666
798	2016
3425	1113
3096	150
2616	3219
1038	3385
874	1106
3446	1048
1659	2819
2047	2328
1227	770
3091	1628
2136	3319
1241	994
724	1076
1573	1371
214	718
2139	973
1882	364
3157	3329
1773	2047
3171	1708
3253	2284
214	524
709	2788
727	476
1910	2605
3104	401
1036	1724
3021	209
2919	2936
744	960
960	1599
2454	1308
854	304
2310	3387
1323	3000
388	1746
2767	2886
1536	2096
3200	1161
1017	1473
1260	400
3219	2454
1649	1416
388	391
452	388
1059	113
2403	2305
1103	2379
1315	3276
139	1452
907	1294
1537	1617
2713	496
1067	635
1001	2700
3157	706
786	1017
1541	1827
3183	2337
3358	2524
896	618
997	591
970	121
3228	2881
471	3241
1394	2508
3044	766
1071	2918
1180	3446
141	20
1376	2539
2482	3440
491	2286
1141	2283
771	3449
1140	2016
1140	3150
2866	442
725	604
1454	515
327	238
388	1306
2063	629
1978	1367
547	430
2208	893
515	1665
81	2818
3282	1812
3098	543
1455	1642
779	218
1649	3044
1894	482
3227	2223
1507	3241
3397	907
1082	193
819	497
2062	2834
2511	3192
3078	2057
2370	1755
484	123
1260	24
3222	412
1138	3387
1394	1994
1718	2151
2993	50
1169	1170
2511	512
3232	2593
40	918
116	1898
3213	3015
1249	980
1393	1664
3077	3081
1223	1660
2055	2716
2568	1724
365	2818
3038	681
212	761
1258	497
1355	265
1001	2869
323	92
268	455
3334	1409
764	1458
3313	1836
1141	1387
2474	2257
3262	3057
1613	1368
2372	1769
807	518
3198	1456
2953	1355
3126	584
820	598
324	1707
2249	2260
2425	2975
2583	2246
1021	1852
989	976
400	2878
2047	2528
759	819
896	1814
1387	2860
487	668
2271	2260
976	3048
1742	1485
1554	2574
1234	1075
1421	2236
2940	2466
2325	3137
1694	3375
2953	3332
972	193
3044	1821
693	1528
1514	2076
2317	515
419	1277
1972	1806
213	1037
3155	723
2871	3056
145	425
1617	61
692	892
3047	1156
388	557
2190	2228
2934	2104
838	2818
2143	2782
3176	2232
400	2902
1260	3393
1894	1484
500	1612
1750	750
1507	299
864	951
998	980
925	739
2139	1430
3258	1515
3044	2568
2435	87
2522	1746
612	602
418	1993
178	2818
10	1518
1840	1506
3010	2644
212	1514
1973	3325
2843	3347
601	700
2663	1337
1667	1287
1388	1490
196	667
1613	3093
3432	862
2905	1663
2218	834
1089	376
1462	3090
3385	115
964	2424
3405	629
2595	2861
1902	213
3424	2665
601	893
2511	3241
2032	1910
3326	3172
230	775
1952	1606
397	525
2198	218
3044	605
3272	1925
932	802
1860	1747
884	537
2220	2047
1154	1048
254	151
1436	539
73	1638
3031	655
407	2168
1574	1557
468	2091
1903	2152
3248	1089
1646	2365
890	661
154	95
563	1221
3029	904
1175	1183
3044	2276
2687	2685
1690	1183
2680	2485
39	1831
1772	1238
794	13
589	1116
1047	2819
1503	2818
3470	532
639	1451
2825	2636
348	252
2336	1906
3171	2276
2837	3065
61	559
1110	12
1138	2891
1379	280
1840	2551
750	3336
1151	1038
2885	1283
1111	86
2159	1365
2879	1418
549	2025
1883	1558
226	2525
786	1391
139	779
3151	1972
1063	1906
160	1416
739	224
817	1976
416	2117
899	773
1260	865
820	920
2932	1506
2266	133
3326	2294
3216	172
1558	1689
2233	2636
1833	987
436	1467
409	2511
3046	2410
1961	865
3232	2740
388	369
598	1864
2783	104
388	605
3157	1515
2688	2951
2588	1490
1455	2994
297	1190
3044	1182
761	1842
677	165
2062	1590
2220	3049
243	505
898	512
1623	774
1141	2493
1330	62
1825	935
2367	3036
271	1226
3031	612
2068	2095
3456	2698
968	3074
3125	396
3167	2774
2676	2346
372	2094
1677	1089
2866	1866
2610	29
1273	2531
2919	1742
1975	1277
2859	677
1001	3370
2285	26
2451	2906
3202	2180
1014	40
1045	1802
145	380
1273	2205
3385	2363
1844	2843
1191	2477
1098	94
727	143
1482	1483
3307	526
191	873
388	473
2522	2895
2687	1796
2875	1622
3215	3457
408	224
2136	2302
1978	2066
2204	529
598	107
1093	620
1368	852
85	1427
997	522
591	1451
2666	224
1300	2878
3432	1942
2032	2129
2111	233
3183	1138
2868	2398
754	300
997	893
2047	903
2421	434
95	279
1180	27
2674	1268
1180	1234
3436	3461
1623	1059
1089	919
1428	497
764	1658
1476	397
2932	2461
1489	1682
2879	2174
810	1428
3277	3329
1047	195
656	773
2291	2655
1017	2508
1230	1658
2868	2770
3326	972
1758	2196
2588	2884
627	1047
865	637
136	682
2522	979
1416	362
1474	3367
997	321
2925	1989
3136	3285
1165	333
1988	3358
1161	3387
438	999
2558	354
310	354
1414	605
1335	1910
1289	2386
59	1680
1092	882
2588	757
601	3078
2181	1490
1825	105
2033	848
484	416
165	737
3085	2477
136	676
1558	2301
2626	517
587	816
1460	1570
194	207
408	497
1373	736
996	1066
2554	1543
748	1953
2251	2823
380	2287
645	87
370	2086
1239	2627
146	2467
727	689
2932	452
1363	1275
848	2655
2740	3387
1149	2740
1207	901
400	1853
2489	3387
1617	515
88	2109
2331	2100
1422	2799
3402	2832
388	1733
1558	2655
388	925
1070	2118
1530	2105
532	152
1165	2402
2769	1346
106	1811
1739	547
388	1076
864	224
2192	2439
2244	1864
1416	1658
1515	3405
1356	336
1822	830
698	624
2165	3443
779	1495
1014	231
1415	388
727	2832
139	218
2589	865
3054	2969
1038	713
2328	2548
184	1146
1361	1381
876	93
1516	865
3011	371
1032	927
1314	1956
388	101
3318	101
2722	1170
1015	2818
1387	3044
1387	973
1468	3056
2023	2840
3031	2294
3126	969
1751	2093
305	1697
3243	2160
1468	2513
639	1485
360	361
491	2066
281	213
2283	2695
2023	2665
2843	1650
1852	1416
1165	866
2124	3205
1539	2444
404	1657
1252	182
2503	3066
940	1568
3258	2122
380	1516
1367	3385
2290	645
589	323
2905	388
3326	1643
1508	3387
2531	3084
1946	2521
1234	1048
214	724
1791	1106
1036	1475
1769	226
3391	2698
311	2792
1210	3025
214	468
3136	2729
395	531
36	3357
1304	1801
641	1539
2924	399
2474	1279
3097	2925
851	898
2936	2139
938	893
3216	323
388	3283
1366	107
972	2926
2889	2457
2626	1298
2139	3329
3318	1285
3111	1985
1814	1217
905	18
230	1697
2741	1414
1038	1416
2373	87
1480	515
2832	1228
580	2297
1948	2656
451	2110
997	39
388	686
1360	2836
677	426
2425	3011
1337	626
1906	2934
532	803
3243	2031
2860	1784
1067	3212
2165	1785
2317	1715
1089	1497
529	2003
997	394
102	1457
2074	3022
845	977
2213	1219
1014	990
639	115
1239	990
342	1043
2099	2688
1975	3139
1100	2738
1087	1355
3293	3230
1415	2394
3326	1648
764	123
2883	2144
1442	935
2637	1546
2279	1567
2220	295
3067	739
1199	3178
476	819
3449	2318
1262	364
1320	1298
1260	232
433	3377
2063	677
1773	1411
2871	1468
2522	2294
1387	786
288	784
1175	944
1648	3306
2384	2979
3420	2980
2285	2971
734	2645
2437	1745
2471	2746
2430	661
1952	380
1307	505
116	1693
1017	678
3047	3403
592	270
2617	2867
1557	3009
3095	811
505	731
673	2125
396	3222
765	1707
820	397
73	1249
2325	2007
609	1022
1549	916
1395	2063
3326	786
1071	3476
1151	2511
1529	12
1696	1298
1017	2972
1595	196
102	3105
354	1411
613	811
363	2328
1395	2787
15	3399
2932	1960
1176	1427
1579	1126
2302	2560
990	639
1548	3084
1813	564
306	940
1486	1816
3135	1997
579	591
2838	295
2740	3329
786	3387
871	1839
3385	872
1159	967
1339	2156
1818	2655
1141	1135
1262	2467
416	2902
510	1871
311	87
70	546
2853	1745
157	1737
1211	2574
210	1019
2032	3212
2099	2740
1211	1917
763	196
2705	2176
388	354
306	388
316	182
3374	1687
3324	2791
2060	2639
3031	3342
1792	2252
1841	1445
2919	1664
1355	158
1279	1942
361	559
1038	871
1623	397
1468	2818
2783	2590
1302	400
2932	1478
1212	350
1965	808
193	2260
2220	1558
320	469
1175	2741
510	408
1649	3416
1263	805
1409	2664
2561	3329
2136	1506
1337	2071
1615	2725
476	3385
307	1551
88	997
3030	3306
1613	1168
2128	2354
2369	892
1719	1531
476	834
1466	1953
1005	1336
761	1757
214	2511
786	335
2066	979
3325	262
1166	1123
145	388
2077	2715
1140	231
2891	2662
2368	3014
1395	1285
627	2511
3068	1210
3257	1947
620	1321
297	596
709	1056
1089	1246
2583	3443
2306	1907
521	2765
1052	223
2596	233
601	806
2362	3212
1163	964
820	1549
1402	2143
1001	1330
2312	594
3183	2919
1515	1570
2487	1628
1472	1422
2892	1887
1574	993
589	1215
2353	1862
97	944
1862	2018
3285	1549
1691	1517
2299	2843
1360	2925
1628	2484
2737	2797
214	87
1606	518
1301	2313
429	950
262	1882
1140	2283
3136	3129
1112	1737
2075	3150
2853	2035
1558	2722
312	1839
1725	371
1130	136
2972	221
73	61
2099	1689
1117	2580
933	913
519	268
1001	2974
359	3385
1017	3397
2015	2827
56	891
1071	2223
629	3312
2877	872
340	1492
772	2606
3207	2955
2785	3137
1252	979
1649	842
1238	855
2351	1144
410	2650
29	788
1910	2662
1634	1181
788	410
2204	1355
1997	628
1898	75
3388	2594
1001	1859
972	970
904	1210
940	3387
1924	515
533	1682
2063	3445
727	2740
1355	447
786	1663
1548	1702
1405	2057
2788	13
524	1623
491	256
2735	3218
61	2715
379	332
2508	2388
1663	708
878	1896
1558	3031
2674	1570
1583	655
323	665
2663	2511
1950	3217
1288	1226
871	3337
847	1291
2321	1219
3386	3473
3222	2328
476	2631
2283	3062
1232	87
757	1144
338	2218
168	30
1077	501
167	1700
2066	3080
416	925
3221	3199
193	1050
2428	740
535	2435
997	89
43	34
2346	958
3001	2228
3427	2994
2858	2535
39	362
1828	1977
662	2190
1548	2129
502	2263
3387	2512
2725	2346
2810	2838
613	238
389	773
556	2375
404	3385
3044	3095
73	362
2879	1450
2830	1895
476	1737
3318	525
1562	605
610	692
864	577
1089	2623
3445	2117
1595	908
792	1486
2554	388
95	618
367	2806
2783	445
311	1198
362	504
2932	2551
1615	1556
3258	2014
1912	1767
764	607
788	158
139	1021
1585	568
388	88
383	171
1165	1839
786	1004
416	1893
2888	1405
454	2012
805	1473
88	3385
1175	1616
2786	1882
1514	950
3125	3062
2805	3010
2668	1732
751	2475
1175	928
431	2280
1161	347
3299	3458
231	3436
316	196
535	494
1810	2804
3202	2807
2588	1464
1199	1183
388	895
3241	5
2735	1181
870	2346
635	706
949	35
2511	2330
3044	3329
3	573
1089	739
1558	2047
3398	791
2042	1349
2599	1906
644	2275
2919	715
1116	667
2576	2511
1403	3150
71	391
535	2615
2538	638
3017	1675
2272	482
1613	2554
2264	1231
2512	3186
2465	3055
2143	1906
719	476
3382	1339
1222	1364
601	119
744	497
1261	571
2570	1229
1471	340
2646	109
3198	1273
3197	2778
400	635
2349	2843
400	2426
3013	2265
1973	2243
2737	2409
1415	843
2456	2704
3218	1181
2272	1558
2511	41
2581	3102
116	1660
2701	954
750	2714
1605	1636
968	645
2780	388
388	549
2230	2805
316	1112
469	1070
1732	688
311	1038
3326	612
750	769
2932	1502
1814	1114
1141	519
2305	1393
1606	1409
1087	2818
2147	2025
297	980
388	2089
535	724
3303	3428
1234	1489
2547	2555
476	2728
3044	997
2606	1445
653	2529
820	1716
1175	2493
388	986
388	3286
744	1021
200	16
3126	821
13	665
1530	1984
1833	2988
601	757
1613	212
390	939
328	648
2626	2641
2919	475
288	115
1067	2129
2340	2114
885	1573
1001	2105
388	526
3416	1473
3326	101
2497	3279
200	508
1595	1200
3041	2218
2960	1317
690	590
3147	3311
1780	55
2932	2687
2014	2375
806	577
625	788
3388	1792
1025	1019
2197	3342
2445	1674
2441	1542
2325	3301
102	734
1057	1202
742	107
305	3182
2515	3294
820	1232
3478	3293
1677	88
1252	129
1252	2587
767	3296
1165	2589
587	388
2596	2331
657	449
1067	400
1260	980
786	1963
402	518
944	3247
786	1205
1432	2457
2409	1409
932	601
1393	1524
1170	1288
395	1927
413	121
3134	987
2387	238
388	2684
480	2425
325	2656
954	1544
566	2307
976	1416
3268	2595
2183	1256
3044	2819
601	2063
388	3179
1871	2801
214	421
291	53
1581	219
2066	2834
1645	13
3385	745
951	963
2618	2319
1842	2897
2139	2388
1735	295
810	834
665	265
306	944
779	951
870	350
1116	1028
2792	1558
856	630
2526	509
301	1097
1689	2730
2466	2007
88	1112
572	737
3398	49
1161	1048
1402	2502
1739	1047
139	1140
2305	1942
2272	2355
1972	1970
2596	2111
690	735
1335	3164
61	2079
98	342
2214	3281
814	2237
416	77
2786	1672
3095	1610
131	3383
3044	2109
469	618
2291	3329
764	569
607	1228
2015	1260
1288	3025
589	2087
108	98
8	1303
2818	1722
601	756
2889	883
472	665
1852	87
938	548
99	1314
3241	3387
3171	2265
3340	3229
1617	2218
3402	3315
312	2811
2662	623
2080	998
1335	3084
1662	1557
3201	121
949	327
873	287
388	2110
1463	1269
388	980
3273	501
1141	1187
2218	2861
2929	2577
2948	1987
1507	1028
3394	3226
598	1044
288	2707
2734	1158
3232	1573
200	1024
214	438
40	607
690	218
1480	3329
2977	2946
2136	1622
860	485
2244	620
200	87
184	867
2372	1969
3318	83
388	0
1558	2660
1733	3222
563	813
587	193
2919	165
786	1416
1387	1017
1480	3186
2888	716
2652	2662
3136	3302
1892	1862
1416	193
558	9
2063	87
1599	472
2918	3125
1416	1179
416	1924
3405	3030
2605	1288
2701	2143
1422	2669
794	503
1208	453
165	1473
809	1906
1641	2217
972	191
218	343
2097	2495
3318	1067
1138	1761
3471	1973
1416	400
1203	3369
85	990
690	1300
2687	1611
1892	2095
1200	1760
3232	24
2220	2218
127	2818
3245	1887
311	786
1534	86
2511	2587
45	1681
3385	515
850	2142
3212	2804
2919	2106
2711	3404
3385	620
951	893
1321	891
2066	1252
2063	2808
2136	3322
3207	2844
2799	1473
2483	1
2770	2825
1473	87
418	966
2482	1450
2890	2197
88	919
423	1997
1323	2291
591	817
1480	2895
820	893
719	408
388	146
1968	3362
535	946
2535	396
3390	3391
1559	2825
2569	1748
601	687
2198	2336
2805	2675
388	609
1296	3302
1067	3180
347	2795
1613	925
1613	944
1355	3039
388	1522
1321	1737
2940	2867
781	514
535	1665
214	3232
491	2740
3044	2391
1141	2373
1148	1004
1279	328
3232	987
486	248
639	453
2312	1851
475	1526
1876	328
3232	2919
2021	1856
973	2983
20	653
2049	2066
670	973
2770	750
1089	1558
1207	2163
1757	2897
634	157
794	158
2572	1087
598	1818
3251	2574
2236	1939
2223	2453
936	1179
230	3182
1852	1343
1309	1898
1813	2212
591	21
400	1839
22	317
101	1924
1014	1835
40	1097
2912	668
1648	1273
1314	885
2548	2833
377	1201
3002	2927
2919	2616
378	1788
874	5
786	940
2218	1657
963	1114
316	591
1191	2983
2063	2662
1429	869
1562	1568
1797	3153
1541	1833
2784	2985
416	944
819	2728
1853	2861
2039	3189
88	410
1701	2477
2249	2740
3031	2218
2220	2562
136	1712
3005	1853
1089	980
901	70
2770	2523
598	2877
786	871
845	990
605	2161
788	803
1413	1784
51	3122
2249	2688
1273	434
73	2521
213	1451
395	760
1138	1568
1864	82
1355	557
1435	1404
3212	2655
1403	2063
1047	13
226	2698
1818	1427
388	196
1110	497
1036	1690
1003	637
1648	1445
2597	917
870	1782
123	182
620	872
2895	451
1206	2960
2882	1365
2972	1435
2032	1686
1615	2346
1367	1057
145	2015
2930	2482
997	612
690	701
96	183
1562	2511
775	1186
116	3117
2572	2834
3258	2238
2325	1807
172	171
2847	3188
333	2315
3136	2789
2118	1846
388	2954
3197	3128
3002	3454
112	2722
1613	3329
1051	414
1261	1899
3326	1124
1595	88
936	990
1617	2277
159	3083
2939	610
1910	1746
2063	3314
2105	1134
1896	1033
2511	2697
2840	2027
873	622
3033	457
1328	895
1941	2962
2805	2927
1685	13
402	193
1871	2994
951	714
2701	2336
418	1606
2919	87
343	2568
3198	2730
2615	360
312	251
1431	739
1141	1259
868	899
1357	899
1649	1219
695	1485
425	2934
426	1234
2972	2126
2574	1210
3178	1785
416	1914
2960	1844
1036	2062
2888	919
3405	2705
3383	1776
2902	1288
2737	3350
976	893
1613	2919
2559	1879
1515	3387
2057	2904
132	675
2403	1789
2336	1617
657	2220
851	1189
2318	2392
2890	1346
1623	2789
535	2050
529	365
2291	445
1570	2655
469	279
2050	2260
1364	2994
1232	945
3232	2975
601	1889
893	248
1983	1450
388	3049
1696	841
820	951
2023	1586
2427	1454
990	193
896	2616
1157	2168
388	3397
1028	2182
938	274
1093	388
3387	3329
1014	750
2134	3476
1585	1486
1125	20
407	2711
845	1196
388	2806
2954	1181
3310	1291
727	974
808	124
179	580
842	1277
388	29
209	3400
456	899
3200	3221
245	3252
2740	1337
786	2161
2838	2313
1685	1555
1613	491
1869	2852
3385	3019
1398	2511
2454	2534
1037	328
1751	2133
814	973
1861	514
894	1189
1528	2549
871	2313
2063	1123
2993	2196
1089	525
2778	3128
99	587
1631	2728
484	601
1633	3253
1732	486
2316	2959
181	534
596	583
3222	1694
1416	87
2220	323
95	469
1239	1869
2208	2371
2080	232
400	2271
3050	3222
388	1625
1376	723
2139	929
324	3404
786	2525
1414	1568
864	639
936	1552
2822	763
997	2631
690	417
1418	501
566	2110
3210	3025
1864	87
711	153
543	2022
3326	946
1067	1623
1164	1320
2832	365
1065	5
1304	1563
1574	3306
1409	1881
2594	1931
355	680
515	494
2786	1262
783	615
1502	202
348	2773
2511	2209
1246	1678
3470	4
3382	3367
1739	1527
88	872
1585	3377
3104	1158
510	2212
1337	2580
1523	238
1028	895
2270	1803
1337	3367
1613	2647
408	834
1299	2919
1855	92
2507	1673
1021	218
476	433
2866	3338
388	897
723	2207
1001	1530
274	2061
84	2110
2902	1784
3170	1749
1252	562
871	251
3285	902
3387	2928
153	474
2019	715
1607	1836
2713	497
760	2186
3288	2881
757	1032
484	488
2805	1260
1175	2787
636	1589
408	827
491	362
1805	2749
2461	1502
2073	1252
351	1445
678	2538
450	388
3031	328
1168	61
1717	178
1321	769
504	443
534	942
51	3300
2471	2994
875	1694
524	1632
3331	3318
3210	3162
744	1743
3113	1739
190	1416
2254	2015
2828	9
3184	3130
979	3385
2102	3463
555	3099
1452	2740
1574	2431
2316	538
1057	520
1709	1549
1649	1654
3287	2440
449	396
2918	1815
348	1452
2063	2740
1446	193
3385	602
88	3270
2616	1526
1779	1951
13	42
3183	2852
2277	1923
949	532
1193	294
175	365
42	2773
193	530
2511	2238
2919	447
1093	1416
1395	1230
1141	851
2905	2158
3326	87
2652	300
2063	3150
387	1341
2840	296
1289	97
2902	2827
1952	425
843	3272
2367	1618
1217	2574
1715	361
1864	1249
2063	919
3359	2976
1387	400
1252	978
1260	3387
2577	2670
3191	2242
388	1600
2194	21
3210	2722
1246	404
1515	1473
1623	1132
3446	1139
1562	2336
2888	1557
1495	2679
2932	2874
343	87
686	2818
388	1582
2811	3310
1946	3272
2663	1452
875	665
1191	2512
3318	432
3180	3210
416	3162
181	1038
115	2785
1402	1047
727	3330
2064	2832
1579	1210
2505	3216
318	364
301	1321
454	2289
993	2514
