3480
55495	0
1105687	1
81171	2
252292	3
814904	4
397099	5
184876	6
398124	7
194546	8
388244	9
58590	10
228604	11
182172	12
363383	13
254504	14
212198	15
493487	16
262587	17
126144	18
419692	19
169957	20
511585	21
296890	22
1416939	23
129041	24
523778	25
633332	26
124964	27
84720	28
201964	29
785060	30
1216837	31
380895	32
27083	33
1820635	34
90040	35
126117	36
193264	37
371117	38
127961	39
35694	40
256081	41
1095056	42
385383	43
1881577	44
462995	45
1159715	46
1269130	47
191221	48
1163231	49
951179	50
239907	51
83706	52
1931907	53
994454	54
223928	55
227255	56
234299	57
318518	58
179650	59
288974	60
168975	61
1209309	62
124450	63
452522	64
1053784	65
1976462	66
90547	67
161082	68
227518	69
222184	70
164011	71
265191	72
17792	73
274169	74
940337	75
55774	76
272009	77
118201	78
745243	79
106427	80
566614	81
168350	82
1177300	83
871111	84
5686	85
234230	86
813954	87
88470	88
93462	89
1027578	90
1127416	91
526799	92
234589	93
730928	94
139406	95
45174	96
51134	97
158163	98
1785	99
48963	100
84698	101
3849	102
1070031	103
244372	104
585157	105
1268577	106
1428411	107
72160	108
1011064	109
131251	110
161551	111
58643	112
844555	113
109199	114
237066	115
85306	116
232042	117
85095	118
43160	119
400715	120
349850	121
1115406	122
126601	123
260023	124
363638	125
1986484	126
125209	127
1856887	128
620151	129
501636	130
123141	131
56007	132
1643778	133
104926	134
153392	135
113631	136
199785	137
208245	138
78	139
937900	140
37269	141
56143	142
756299	143
61808	144
21391	145
344397	146
132958	147
1222910	148
1563435	149
122882	150
336312	151
552433	152
30392	153
118174	154
356171	155
311467	156
639869	157
1742443	158
4907	159
73004	160
810863	161
1814697	162
565307	163
173353	164
468002	165
171446	166
935575	167
209790	168
135726	169
39447	170
1752778	171
403875	172
922538	173
193568	174
199830	175
517668	176
350493	177
947925	178
151377	179
1060878	180
32430	181
726990	182
123994	183
89110	184
187880	185
71820	186
93831	187
78285	188
462410	189
58499	190
59253	191
802150	192
134316	193
305091	194
710548	195
287331	196
206776	197
120620	198
1016128	199
278366	200
185056	201
1156090	202
160558	203
1646484	204
165043	205
162139	206
335092	207
77073	208
1311789	209
202975	210
39628	211
17476	212
228793	213
42872	214
122051	215
96569	216
1218600	217
39588	218
494742	219
40844	220
1253583	221
805116	222
2078298	223
395203	224
31018	225
76833	226
137548	227
37443	228
173765	229
92565	230
72740	231
974574	232
730304	233
184105	234
183556	235
137919	236
136225	237
766077	238
890882	239
93913	240
575482	241
93951	242
121015	243
66452	244
81294	245
1651473	246
1221163	247
485171	248
120225	249
286303	250
116289	251
508851	252
1375533	253
142567	254
824032	255
216265	256
1737650	257
1633068	258
356720	259
6368	260
244111	261
638434	262
1120837	263
799059	264
1281954	265
225037	266
30780	267
210890	268
1681340	269
983753	270
203769	271
113862	272
25260	273
186344	274
635394	275
215148	276
128193	277
240054	278
1222570	279
221560	280
109741	281
1689300	282
241076	283
224420	284
25277	285
1333004	286
1926543	287
236148	288
23402	289
178493	290
422665	291
354271	292
155920	293
1572231	294
193342	295
763055	296
23826	297
59463	298
100179	299
286742	300
140408	301
416748	302
192656	303
258652	304
357910	305
4913	306
85812	307
277468	308
1890738	309
130156	310
16182	311
88132	312
132734	313
19128	314
73187	315
65067	316
508838	317
665540	318
874014	319
288077	320
188284	321
467659	322
232155	323
24306	324
11150	325
76990	326
87114	327
346289	328
140477	329
480303	330
321422	331
30658	332
594489	333
1598737	334
65381	335
634940	336
625808	337
85883	338
1354841	339
191931	340
101091	341
168894	342
59666	343
433821	344
1739937	345
204061	346
177725	347
61894	348
56600	349
640215	350
75274	351
632953	352
104604	353
640296	354
44458	355
46823	356
190690	357
299086	358
135593	359
116821	360
1465440	361
188666	362
223258	363
1272672	364
217779	365
547812	366
82895	367
88438	368
207280	369
242075	370
872877	371
145118	372
233409	373
112897	374
118790	375
54971	376
259201	377
169621	378
3209	379
82727	380
107290	381
250937	382
1415411	383
51756	384
158594	385
1448478	386
3171	387
52916	388
433991	389
271857	390
888848	391
246974	392
660555	393
129326	394
155926	395
443780	396
119848	397
180597	398
148366	399
78604	400
301216	401
65858	402
408956	403
92756	404
1218881	405
100441	406
1356	407
30031	408
77944	409
339645	410
604764	411
1284092	412
115875	413
173086	414
622147	415
25085	416
839895	417
7199	418
376068	419
274829	420
373970	421
4377	422
105027	423
125368	424
247095	425
60062	426
73820	427
203870	428
74191	429
1182355	430
200891	431
1409053	432
124776	433
907995	434
144787	435
126180	436
706932	437
79735	438
61523	439
157064	440
1494356	441
414774	442
285521	443
102032	444
1766208	445
444719	446
188916	447
191592	448
231550	449
12424	450
639233	451
16624	452
1828912	453
44454	454
1830959	455
93882	456
110189	457
542885	458
1912352	459
295866	460
188659	461
561994	462
321884	463
992366	464
97368	465
565375	466
84554	467
50244	468
329109	469
413085	470
67489	471
36866	472
916753	473
186253	474
98676	475
61161	476
1212701	477
816211	478
509848	479
35397	480
76420	481
170394	482
373575	483
5995	484
888591	485
87488	486
142350	487
295490	488
648871	489
249320	490
65771	491
1642086	492
32329	493
392722	494
202917	495
29643	496
1012859	497
835071	498
979236	499
107334	500
1755277	501
154837	502
228945	503
240029	504
818707	505
735988	506
2900	507
482916	508
272664	509
10475	510
210362	511
360991	512
1924636	513
197217	514
183756	515
1344686	516
218515	517
873649	518
56457	519
236058	520
104516	521
190612	522
51255	523
70956	524
734137	525
1467964	526
50539	527
247980	528
98228	529
1637234	530
2150328	531
82893	532
227135	533
61889	534
33481	535
317835	536
555327	537
65548	538
161487	539
836336	540
233864	541
113474	542
57629	543
267467	544
239713	545
506804	546
1177556	547
358705	548
158729	549
935297	550
133718	551
191213	552
161976	553
2127492	554
352631	555
3869	556
110663	557
25489	558
1960038	559
31746	560
163679	561
159224	562
18087	563
1398995	564
169064	565
229556	566
121991	567
758634	568
85034	569
144766	570
493134	571
258734	572
1029180	573
973160	574
47072	575
1211187	576
101106	577
285213	578
67854	579
203201	580
1112347	581
133077	582
120035	583
531328	584
129021	585
891225	586
22638	587
367950	588
5499	589
68321	590
141984	591
156588	592
186385	593
1273007	594
316367	595
32627	596
312654	597
6504	598
100562	599
6898	600
8684	601
730316	602
68594	603
222493	604
257262	605
159693	606
178347	607
1379693	608
290248	609
180825	610
531119	611
604338	612
108866	613
212725	614
1341356	615
45761	616
854693	617
350045	618
23286	619
156006	620
1373562	621
278332	622
1447862	623
257515	624
71080	625
182425	626
41750	627
1359820	628
136432	629
54015	630
21742	631
1307528	632
674494	633
227754	634
422384	635
75487	636
1866667	637
1413300	638
88203	639
21896	640
27761	641
544182	642
167511	643
107459	644
150050	645
147998	646
31206	647
630749	648
148057	649
181987	650
107223	651
107026	652
209456	653
791124	654
1072257	655
238663	656
5602	657
219623	658
42837	659
189510	660
160683	661
177940	662
744534	663
1281212	664
415166	665
106476	666
887900	667
806953	668
179392	669
64835	670
184932	671
58275	672
83981	673
1472533	674
137593	675
338138	676
59321	677
623594	678
273421	679
1498997	680
127687	681
160577	682
1133494	683
192162	684
397816	685
202678	686
354395	687
73523	688
179652	689
8554	690
1065129	691
1490946	692
39485	693
204854	694
227802	695
21233	696
641161	697
232307	698
600594	699
204436	700
20580	701
1862464	702
138409	703
284273	704
71270	705
578062	706
156210	707
130139	708
20962	709
143336	710
18535	711
58	712
114902	713
334608	714
204169	715
290003	716
114066	717
251267	718
24641	719
474750	720
1569817	721
1974141	722
148225	723
325950	724
151356	725
106432	726
45550	727
1268334	728
698658	729
89531	730
1133300	731
208728	732
203995	733
4597	734
204518	735
636074	736
640366	737
514794	738
173385	739
334424	740
120609	741
168005	742
176852	743
19	744
209894	745
324160	746
187805	747
100911	748
599015	749
77404	750
13798	751
774861	752
467974	753
95285	754
110475	755
47439	756
190744	757
115204	758
20369	759
215886	760
29889	761
15861	762
150088	763
73656	764
54678	765
339312	766
31763	767
425372	768
1040226	769
394274	770
830280	771
75546	772
1532303	773
388351	774
266670	775
444848	776
1570777	777
1478434	778
9073	779
1711459	780
118975	781
1999834	782
171511	783
291992	784
574863	785
33075	786
1592290	787
219808	788
146462	789
58201	790
283087	791
65309	792
649498	793
190704	794
630289	795
352699	796
266189	797
8637	798
367506	799
258709	800
188766	801
594095	802
454661	803
31982	804
285861	805
83302	806
426785	807
128059	808
60941	809
189040	810
335251	811
115373	812
810704	813
159837	814
39249	815
930940	816
319645	817
671402	818
137064	819
1057	820
315195	821
61629	822
207083	823
95911	824
18637	825
732912	826
252467	827
23342	828
804953	829
251922	830
64291	831
182177	832
127264	833
324029	834
459624	835
178204	836
900604	837
49809	838
92568	839
180714	840
1042043	841
263715	842
100955	843
182128	844
14241	845
888184	846
41919	847
1041042	848
174692	849
388358	850
21406	851
188991	852
1740620	853
209358	854
1787493	855
30724	856
396243	857
165796	858
208087	859
231731	860
283600	861
1005693	862
112756	863
9017	864
981369	865
157563	866
93777	867
84559	868
243910	869
9646	870
45743	871
594832	872
112266	873
62543	874
208491	875
227701	876
765757	877
249489	878
126023	879
1641871	880
146036	881
495966	882
153605	883
184075	884
44337	885
207422	886
174935	887
116813	888
52143	889
132704	890
909816	891
1590577	892
297231	893
144279	894
942156	895
36733	896
248357	897
58975	898
316587	899
152066	900
182275	901
642317	902
1286290	903
61274	904
117816	905
1052324	906
1314514	907
182143	908
1951351	909
126270	910
110209	911
1262730	912
263840	913
153855	914
219902	915
1322579	916
482412	917
239597	918
184103	919
122142	920
1224410	921
7485	922
399912	923
414861	924
73067	925
176272	926
498396	927
127739	928
249569	929
1506552	930
81663	931
6002	932
169558	933
242363	934
755171	935
2105	936
1743314	937
119481	938
717212	939
103941	940
255933	941
148216	942
102278	943
197966	944
31238	945
247855	946
132572	947
244884	948
50267	949
1660757	950
81475	951
23841	952
392067	953
665308	954
106792	955
86584	956
172110	957
649203	958
62435	959
1668	960
130326	961
169122	962
155403	963
283521	964
1681592	965
311830	966
154303	967
51372	968
1641282	969
70811	970
1014356	971
48216	972
501143	973
502694	974
424583	975
70622	976
73928	977
141865	978
118367	979
666315	980
212278	981
234897	982
2130332	983
1045621	984
1039549	985
105362	986
156804	987
500227	988
4638	989
53921	990
589412	991
1440071	992
52393	993
1067356	994
25107	995
304938	996
89621	997
208461	998
169063	999
110452	1000
138606	1001
182697	1002
1402791	1003
799313	1004
136367	1005
70804	1006
1094649	1007
146396	1008
383869	1009
283704	1010
2099460	1011
755370	1012
228060	1013
11378	1014
237332	1015
120519	1016
42610	1017
126786	1018
1428231	1019
752278	1020
38369	1021
1075127	1022
250987	1023
1060640	1024
423958	1025
1109924	1026
617792	1027
157974	1028
167896	1029
782184	1030
156561	1031
277576	1032
993608	1033
324707	1034
277888	1035
54110	1036
238799	1037
34858	1038
312523	1039
394865	1040
76566	1041
1671941	1042
1320605	1043
195486	1044
101381	1045
441764	1046
187591	1047
447957	1048
360872	1049
880767	1050
30694	1051
187845	1052
31102	1053
134379	1054
23599	1055
133324	1056
178625	1057
1046810	1058
119391	1059
440453	1060
1216460	1061
233294	1062
40263	1063
201210	1064
217797	1065
1106384	1066
54766	1067
390614	1068
421742	1069
685017	1070
13258	1071
224285	1072
82029	1073
308079	1074
272304	1075
394943	1076
149093	1077
196235	1078
16552	1079
1138621	1080
130597	1081
40516	1082
180757	1083
74165	1084
181276	1085
54328	1086
50107	1087
4141	1088
31236	1089
168076	1090
122045	1091
79424	1092
33858	1093
145027	1094
2034314	1095
175836	1096
1472735	1097
149908	1098
715705	1099
53570	1100
367485	1101
128818	1102
854	1103
732435	1104
1573641	1105
94901	1106
143523	1107
1073400	1108
1334941	1109
126595	1110
206370	1111
312928	1112
1378786	1113
734228	1114
257202	1115
122207	1116
95044	1117
143133	1118
92546	1119
295629	1120
190372	1121
97542	1122
961087	1123
82968	1124
98837	1125
142175	1126
83195	1127
316063	1128
2086370	1129
34062	1130
116696	1131
132513	1132
933239	1133
952766	1134
28489	1135
511055	1136
22993	1137
73256	1138
188641	1139
13367	1140
16267	1141
156167	1142
124820	1143
520237	1144
43674	1145
1594522	1146
130022	1147
271915	1148
60672	1149
132998	1150
8524	1151
211472	1152
93570	1153
93065	1154
37440	1155
1066933	1156
362586	1157
344602	1158
31976	1159
289309	1160
114748	1161
1039453	1162
17941	1163
217832	1164
25679	1165
129722	1166
231941	1167
12242	1168
179194	1169
1179050	1170
1004796	1171
398197	1172
231963	1173
944425	1174
21382	1175
13259	1176
323312	1177
167858	1178
145591	1179
47331	1180
1897659	1181
255737	1182
365741	1183
46338	1184
280195	1185
1477990	1186
1966412	1187
1560753	1188
220603	1189
215587	1190
107684	1191
1439545	1192
109151	1193
107610	1194
852189	1195
265064	1196
104659	1197
54189	1198
62241	1199
79766	1200
585798	1201
356708	1202
207474	1203
180217	1204
413260	1205
57267	1206
116449	1207
1245520	1208
1442126	1209
279015	1210
156090	1211
51309	1212
1208781	1213
1322799	1214
144512	1215
580541	1216
163257	1217
1098261	1218
73302	1219
416217	1220
769656	1221
12865	1222
241911	1223
44360	1224
17233	1225
1563336	1226
183592	1227
794630	1228
539385	1229
222145	1230
552647	1231
4284	1232
264103	1233
73399	1234
33100	1235
413005	1236
221750	1237
319153	1238
34391	1239
31647	1240
78088	1241
206655	1242
234725	1243
1500198	1244
228812	1245
53320	1246
53845	1247
183276	1248
78038	1249
1656553	1250
1358329	1251
109232	1252
108466	1253
958748	1254
151407	1255
2106867	1256
652552	1257
671143	1258
212525	1259
69090	1260
31123	1261
154258	1262
247568	1263
1337218	1264
4796	1265
470678	1266
179626	1267
40595	1268
227329	1269
352683	1270
335124	1271
873751	1272
175434	1273
207354	1274
1035644	1275
711213	1276
420031	1277
59374	1278
171924	1279
1009722	1280
111193	1281
377114	1282
536620	1283
215282	1284
138361	1285
145861	1286
673919	1287
1286747	1288
46425	1289
135404	1290
1274035	1291
1225706	1292
237420	1293
1615545	1294
384851	1295
275	1296
265550	1297
1725610	1298
8122	1299
257164	1300
69578	1301
4124	1302
389863	1303
261201	1304
769766	1305
455320	1306
154188	1307
634853	1308
264377	1309
1193248	1310
836684	1311
635331	1312
139224	1313
15896	1314
37920	1315
402927	1316
235873	1317
67581	1318
239510	1319
508924	1320
178447	1321
162573	1322
6905	1323
93184	1324
477279	1325
748156	1326
266975	1327
112696	1328
269556	1329
297838	1330
812593	1331
140497	1332
1169695	1333
196366	1334
108507	1335
290234	1336
149992	1337
1189492	1338
211015	1339
1488825	1340
108723	1341
861888	1342
214283	1343
109241	1344
1255946	1345
149893	1346
101768	1347
224200	1348
122914	1349
229134	1350
60011	1351
1126839	1352
286712	1353
291690	1354
107201	1355
30419	1356
18431	1357
389470	1358
8095	1359
10040	1360
675361	1361
1578368	1362
33477	1363
323193	1364
1866536	1365
263312	1366
85656	1367
174220	1368
119733	1369
133066	1370
2066489	1371
547760	1372
108246	1373
145267	1374
996319	1375
129525	1376
366861	1377
89127	1378
113728	1379
93458	1380
1049731	1381
83067	1382
326398	1383
62570	1384
161789	1385
1770542	1386
29446	1387
157849	1388
33799	1389
1110031	1390
160803	1391
98372	1392
154502	1393
96278	1394
9490	1395
22468	1396
125611	1397
32085	1398
368875	1399
11117	1400
214186	1401
85951	1402
14732	1403
227136	1404
118182	1405
1844384	1406
233478	1407
97271	1408
161563	1409
224522	1410
883073	1411
1251938	1412
92747	1413
219560	1414
2366	1415
73593	1416
141426	1417
1021405	1418
33309	1419
515369	1420
81379	1421
45130	1422
346588	1423
7525	1424
98349	1425
1196250	1426
262577	1427
302810	1428
227491	1429
368432	1430
120335	1431
93203	1432
211812	1433
99816	1434
92942	1435
10429	1436
1594854	1437
1258051	1438
1492393	1439
1077833	1440
1196726	1441
110207	1442
38100	1443
110296	1444
1691245	1445
111624	1446
2452	1447
1171976	1448
234208	1449
180632	1450
463306	1451
111613	1452
169059	1453
12399	1454
400980	1455
106696	1456
1450492	1457
200383	1458
194606	1459
84954	1460
73830	1461
1366532	1462
77395	1463
1647427	1464
43881	1465
1350697	1466
252362	1467
310199	1468
110592	1469
305072	1470
1424	1471
37714	1472
648351	1473
28081	1474
1175880	1475
105552	1476
287198	1477
330381	1478
54437	1479
40225	1480
60183	1481
313270	1482
1182624	1483
121117	1484
245478	1485
144754	1486
534632	1487
937738	1488
366247	1489
1394158	1490
1400675	1491
1616673	1492
201183	1493
2021867	1494
53584	1495
2057813	1496
31415	1497
956931	1498
1482702	1499
146543	1500
852640	1501
269965	1502
131529	1503
499000	1504
339768	1505
338083	1506
83714	1507
20948	1508
873866	1509
192118	1510
26511	1511
274051	1512
172514	1513
39651	1514
60748	1515
262673	1516
1194766	1517
132826	1518
161560	1519
250100	1520
365101	1521
202529	1522
65679	1523
374082	1524
308409	1525
180957	1526
140928	1527
147460	1528
92896	1529
436989	1530
1551855	1531
97991	1532
541363	1533
198593	1534
130091	1535
224468	1536
111574	1537
71059	1538
61039	1539
897903	1540
16285	1541
785069	1542
741651	1543
1203290	1544
752912	1545
240691	1546
1270712	1547
98982	1548
306362	1549
43375	1550
111750	1551
85026	1552
1346908	1553
38482	1554
291580	1555
319890	1556
1018044	1557
84475	1558
66645	1559
1209256	1560
204693	1561
18331	1562
369141	1563
67845	1564
261513	1565
126658	1566
329860	1567
561848	1568
1577797	1569
89511	1570
49415	1571
196241	1572
131320	1573
30822	1574
338139	1575
95293	1576
269019	1577
1612599	1578
7797	1579
304834	1580
222839	1581
127364	1582
836805	1583
359088	1584
116771	1585
339400	1586
265896	1587
87614	1588
127921	1589
204074	1590
258117	1591
107705	1592
473114	1593
411546	1594
55983	1595
1860812	1596
702076	1597
1027226	1598
9917	1599
195288	1600
922414	1601
137394	1602
161442	1603
340907	1604
151112	1605
83121	1606
186383	1607
108988	1608
50679	1609
907963	1610
537615	1611
144307	1612
540	1613
711264	1614
34802	1615
208576	1616
127045	1617
31607	1618
92153	1619
93959	1620
117074	1621
1446783	1622
80650	1623
1111039	1624
1121003	1625
4766	1626
50834	1627
1705660	1628
423227	1629
290243	1630
10967	1631
136291	1632
95790	1633
813445	1634
420740	1635
171813	1636
178865	1637
129278	1638
711419	1639
151338	1640
105395	1641
975787	1642
21661	1643
97653	1644
256232	1645
143345	1646
78253	1647
29967	1648
4445	1649
468265	1650
97953	1651
75607	1652
17042	1653
139872	1654
125700	1655
249711	1656
507153	1657
331113	1658
2393	1659
1495963	1660
268419	1661
604087	1662
90276	1663
161714	1664
224367	1665
279634	1666
216794	1667
88088	1668
1088527	1669
131560	1670
1303241	1671
84046	1672
1374199	1673
152631	1674
49145	1675
51947	1676
12492	1677
1847324	1678
204633	1679
259717	1680
479577	1681
1182432	1682
109524	1683
283385	1684
277936	1685
100462	1686
864018	1687
75089	1688
87279	1689
91621	1690
107081	1691
12402	1692
329919	1693
993723	1694
1733193	1695
512075	1696
595663	1697
190920	1698
313275	1699
1225078	1700
324983	1701
711323	1702
47573	1703
1296005	1704
483423	1705
123985	1706
965977	1707
19538	1708
211548	1709
287329	1710
211910	1711
141436	1712
320247	1713
1027582	1714
217790	1715
704556	1716
71949	1717
33731	1718
107902	1719
1007351	1720
90038	1721
1958689	1722
215974	1723
1647048	1724
559994	1725
53452	1726
410417	1727
185506	1728
1294316	1729
95857	1730
241468	1731
51332	1732
361903	1733
331144	1734
101316	1735
189425	1736
1088953	1737
186044	1738
9437	1739
2028192	1740
202651	1741
217561	1742
566690	1743
477834	1744
1034551	1745
483461	1746
1791482	1747
436516	1748
167044	1749
48150	1750
72161	1751
392668	1752
9049	1753
210054	1754
1859695	1755
93691	1756
116253	1757
1112020	1758
1544581	1759
966100	1760
441183	1761
816253	1762
139137	1763
899760	1764
350247	1765
21596	1766
47843	1767
28828	1768
1721	1769
214873	1770
1590348	1771
178697	1772
52018	1773
245856	1774
1510429	1775
1359669	1776
806	1777
504187	1778
207420	1779
137034	1780
1321287	1781
113465	1782
1256762	1783
903110	1784
1630511	1785
127096	1786
136266	1787
185428	1788
717651	1789
275332	1790
5966	1791
104557	1792
1829898	1793
48167	1794
291345	1795
512042	1796
6157	1797
1244376	1798
64231	1799
1063	1800
288787	1801
584907	1802
76830	1803
124533	1804
282131	1805
290107	1806
87201	1807
312033	1808
420209	1809
100158	1810
1671328	1811
825875	1812
428897	1813
61956	1814
246996	1815
394267	1816
365899	1817
12645	1818
420339	1819
184756	1820
290289	1821
137015	1822
237574	1823
407023	1824
108847	1825
55455	1826
17040	1827
330277	1828
163147	1829
278066	1830
1408295	1831
198	1832
90065	1833
1744698	1834
16637	1835
1549232	1836
260235	1837
123949	1838
295517	1839
33416	1840
597281	1841
268846	1842
32113	1843
184780	1844
295943	1845
1772955	1846
42144	1847
215942	1848
82200	1849
57883	1850
901453	1851
52386	1852
441280	1853
832	1854
320080	1855
2018428	1856
1087745	1857
966874	1858
435843	1859
5987	1860
88602	1861
102516	1862
58995	1863
54007	1864
2055697	1865
305894	1866
994609	1867
918652	1868
64707	1869
1180679	1870
385595	1871
137737	1872
51357	1873
220779	1874
30259	1875
39789	1876
192373	1877
226668	1878
477499	1879
163789	1880
173934	1881
977675	1882
72993	1883
114511	1884
39218	1885
10122	1886
1379537	1887
171911	1888
177907	1889
240141	1890
801580	1891
77688	1892
148220	1893
41864	1894
511736	1895
302355	1896
752808	1897
293289	1898
62702	1899
186066	1900
114859	1901
64580	1902
33198	1903
801150	1904
269198	1905
375144	1906
422757	1907
117689	1908
2330	1909
220985	1910
108031	1911
6891	1912
1516127	1913
268918	1914
141830	1915
367955	1916
414060	1917
2177	1918
314245	1919
1637761	1920
7655	1921
61462	1922
351932	1923
149915	1924
294411	1925
705855	1926
770921	1927
439037	1928
70791	1929
182550	1930
753620	1931
37518	1932
37575	1933
670594	1934
67602	1935
278038	1936
19483	1937
25827	1938
364371	1939
101401	1940
151160	1941
253863	1942
209334	1943
209252	1944
148592	1945
100439	1946
1091439	1947
16527	1948
21610	1949
80590	1950
338212	1951
15844	1952
1434728	1953
24100	1954
263414	1955
187064	1956
85514	1957
1305970	1958
421213	1959
292031	1960
3622	1961
991195	1962
85342	1963
1026211	1964
41558	1965
201373	1966
61232	1967
3687	1968
86614	1969
676032	1970
313800	1971
134763	1972
156003	1973
319185	1974
52803	1975
366300	1976
618976	1977
68425	1978
169374	1979
352905	1980
335116	1981
169722	1982
148810	1983
450974	1984
445363	1985
200470	1986
728227	1987
48858	1988
902871	1989
177120	1990
194539	1991
347370	1992
19785	1993
263418	1994
2130904	1995
181750	1996
875605	1997
113209	1998
922898	1999
168224	2000
210453	2001
12195	2002
1367653	2003
152331	2004
164756	2005
694295	2006
1007216	2007
208216	2008
52731	2009
59997	2010
149641	2011
170367	2012
64650	2013
33183	2014
65176	2015
133016	2016
161573	2017
603855	2018
86894	2019
208641	2020
108975	2021
115349	2022
272102	2023
556917	2024
1708079	2025
167034	2026
540852	2027
75255	2028
692905	2029
1154507	2030
54387	2031
53318	2032
313842	2033
861007	2034
1178316	2035
1132677	2036
880426	2037
83928	2038
59326	2039
805963	2040
198968	2041
16273	2042
179517	2043
1513575	2044
332472	2045
156794	2046
178664	2047
283214	2048
62082	2049
137935	2050
6871	2051
1370641	2052
198654	2053
209415	2054
506738	2055
187958	2056
160773	2057
751874	2058
105030	2059
13453	2060
1699504	2061
98359	2062
44652	2063
47890	2064
1236515	2065
77652	2066
5571	2067
74423	2068
44699	2069
728265	2070
547243	2071
294470	2072
53466	2073
92140	2074
34195	2075
678948	2076
941264	2077
1104271	2078
879703	2079
114086	2080
1217200	2081
1446644	2082
109444	2083
205271	2084
23272	2085
389955	2086
146387	2087
891085	2088
156260	2089
87592	2090
78911	2091
141697	2092
857331	2093
996998	2094
111494	2095
1562284	2096
3748	2097
1201478	2098
71794	2099
291800	2100
1874059	2101
275567	2102
141687	2103
1305814	2104
549549	2105
175939	2106
585944	2107
108608	2108
1146216	2109
1795878	2110
83045	2111
167701	2112
433165	2113
382382	2114
63764	2115
1357266	2116
1678699	2117
1427840	2118
127968	2119
178217	2120
285638	2121
36848	2122
107542	2123
427889	2124
948694	2125
81698	2126
288514	2127
1538835	2128
836475	2129
103684	2130
178555	2131
133644	2132
335772	2133
1110161	2134
97226	2135
18913	2136
315587	2137
52506	2138
155995	2139
186968	2140
219649	2141
695841	2142
170547	2143
882730	2144
1213785	2145
116931	2146
420334	2147
785344	2148
197776	2149
1721834	2150
77392	2151
176006	2152
994852	2153
1486209	2154
951384	2155
402949	2156
171437	2157
518417	2158
572791	2159
87994	2160
702698	2161
178522	2162
138892	2163
85784	2164
20782	2165
222171	2166
232079	2167
483896	2168
889669	2169
1298567	2170
776669	2171
123064	2172
9275	2173
402771	2174
861973	2175
171161	2176
966698	2177
1359861	2178
1160452	2179
1001089	2180
151196	2181
1285561	2182
112239	2183
1374351	2184
120242	2185
268945	2186
554719	2187
50369	2188
307152	2189
190024	2190
994598	2191
11156	2192
222257	2193
146548	2194
758428	2195
1371652	2196
123932	2197
36413	2198
445164	2199
530598	2200
549095	2201
6723	2202
41438	2203
25503	2204
840740	2205
125168	2206
307832	2207
171710	2208
127826	2209
134938	2210
56430	2211
1024963	2212
61216	2213
1389	2214
32793	2215
1725794	2216
968330	2217
292716	2218
1372425	2219
7759	2220
158496	2221
98512	2222
57126	2223
218065	2224
254170	2225
209788	2226
260717	2227
2040245	2228
181912	2229
7713	2230
63890	2231
99162	2232
89681	2233
130500	2234
15916	2235
171503	2236
1084706	2237
126363	2238
115050	2239
440913	2240
32524	2241
715189	2242
1425836	2243
3566	2244
349425	2245
621346	2246
1122047	2247
181448	2248
13091	2249
52838	2250
161061	2251
269767	2252
85522	2253
27315	2254
124047	2255
326666	2256
300045	2257
199864	2258
114138	2259
530003	2260
3843	2261
349281	2262
1037227	2263
317622	2264
383035	2265
1392749	2266
1096110	2267
1089128	2268
1345426	2269
55842	2270
137486	2271
68096	2272
699696	2273
44605	2274
192462	2275
95220	2276
192053	2277
1713676	2278
89753	2279
204670	2280
147328	2281
345609	2282
52214	2283
595022	2284
95548	2285
217841	2286
192430	2287
167785	2288
157483	2289
38771	2290
21264	2291
1037437	2292
1169163	2293
146195	2294
143668	2295
397995	2296
233376	2297
53269	2298
148581	2299
605651	2300
199116	2301
39728	2302
1415337	2303
231803	2304
131850	2305
71806	2306
292370	2307
1057151	2308
1157476	2309
140985	2310
105402	2311
782922	2312
154039	2313
1209973	2314
1885060	2315
22903	2316
169582	2317
1634181	2318
644718	2319
787509	2320
35700	2321
144931	2322
243775	2323
972716	2324
82324	2325
494531	2326
47476	2327
1647813	2328
380328	2329
213501	2330
171307	2331
177449	2332
203156	2333
96887	2334
1230079	2335
58500	2336
126237	2337
1543152	2338
383407	2339
225398	2340
57557	2341
967175	2342
65750	2343
102862	2344
110293	2345
453311	2346
339058	2347
102806	2348
183072	2349
500691	2350
138684	2351
706013	2352
61420	2353
2108436	2354
1344506	2355
176447	2356
572425	2357
1732730	2358
267997	2359
60327	2360
247545	2361
1213	2362
294727	2363
1482436	2364
192044	2365
48667	2366
11891	2367
316484	2368
220981	2369
859681	2370
217581	2371
581	2372
463252	2373
302337	2374
97676	2375
267631	2376
125864	2377
521543	2378
352888	2379
742802	2380
1605934	2381
121252	2382
73997	2383
144404	2384
12343	2385
594674	2386
60494	2387
291812	2388
266502	2389
89148	2390
109338	2391
2042929	2392
33828	2393
139185	2394
7152	2395
21328	2396
81002	2397
111873	2398
869342	2399
647950	2400
955823	2401
76065	2402
68292	2403
233157	2404
1338469	2405
2001444	2406
167138	2407
1176476	2408
85116	2409
482220	2410
1061022	2411
887927	2412
1209976	2413
145307	2414
173082	2415
144954	2416
36696	2417
373364	2418
9845	2419
651859	2420
333475	2421
1069064	2422
1615194	2423
450724	2424
71067	2425
517396	2426
5442	2427
64763	2428
651362	2429
115576	2430
668129	2431
350175	2432
15960	2433
37019	2434
119865	2435
207320	2436
125467	2437
321113	2438
11247	2439
122853	2440
369356	2441
1622072	2442
150721	2443
1286140	2444
71770	2445
58320	2446
335089	2447
1345432	2448
1806930	2449
191928	2450
79439	2451
480402	2452
99176	2453
144533	2454
1163208	2455
131855	2456
116524	2457
1289900	2458
772378	2459
102508	2460
119987	2461
649221	2462
294713	2463
301351	2464
1194779	2465
427650	2466
1508844	2467
791919	2468
187178	2469
1982178	2470
94152	2471
709678	2472
49130	2473
130233	2474
698412	2475
3405	2476
766123	2477
303580	2478
20842	2479
235256	2480
324838	2481
172440	2482
965450	2483
1852867	2484
364812	2485
140545	2486
98529	2487
223012	2488
57693	2489
210577	2490
178084	2491
99759	2492
189135	2493
1544674	2494
53054	2495
196167	2496
1169119	2497
45192	2498
68037	2499
8348	2500
95621	2501
1393267	2502
247883	2503
260306	2504
155252	2505
1086754	2506
217973	2507
237226	2508
955928	2509
863360	2510
87048	2511
178595	2512
1464871	2513
129906	2514
56265	2515
930818	2516
981552	2517
146290	2518
307265	2519
67271	2520
222854	2521
54057	2522
924299	2523
260547	2524
182920	2525
182038	2526
35791	2527
317942	2528
706246	2529
297436	2530
245632	2531
730174	2532
37017	2533
1374352	2534
80425	2535
603233	2536
256549	2537
674104	2538
267244	2539
47034	2540
155458	2541
198106	2542
1322955	2543
36643	2544
956786	2545
303773	2546
261428	2547
2088443	2548
163898	2549
695644	2550
267950	2551
244074	2552
116941	2553
28993	2554
1293883	2555
396891	2556
172834	2557
420573	2558
188374	2559
439085	2560
345121	2561
364404	2562
87896	2563
60701	2564
575110	2565
100566	2566
140293	2567
105787	2568
287801	2569
194581	2570
290237	2571
6138	2572
67339	2573
257651	2574
29742	2575
76866	2576
30962	2577
295	2578
118735	2579
514475	2580
286223	2581
167001	2582
86357	2583
274405	2584
177500	2585
137590	2586
268696	2587
145701	2588
66904	2589
988667	2590
606943	2591
581524	2592
718856	2593
131328	2594
495744	2595
4039	2596
239923	2597
240281	2598
136434	2599
345326	2600
268392	2601
72967	2602
682094	2603
140023	2604
336887	2605
126956	2606
192287	2607
319717	2608
700194	2609
22168	2610
39019	2611
1181457	2612
52645	2613
778743	2614
40717	2615
98041	2616
116639	2617
13178	2618
1052743	2619
214179	2620
236356	2621
105850	2622
315443	2623
111857	2624
37659	2625
97343	2626
74385	2627
252769	2628
497867	2629
434560	2630
348049	2631
1007299	2632
1514894	2633
800224	2634
469028	2635
720971	2636
239886	2637
113089	2638
1342410	2639
179247	2640
307518	2641
848230	2642
15973	2643
85241	2644
1109480	2645
179110	2646
78503	2647
67851	2648
391917	2649
1160246	2650
105381	2651
212542	2652
295005	2653
298446	2654
1048261	2655
433541	2656
1465996	2657
1015651	2658
408405	2659
640117	2660
729463	2661
1158414	2662
51260	2663
242110	2664
375048	2665
121464	2666
137612	2667
30937	2668
51478	2669
478196	2670
128384	2671
43029	2672
2032119	2673
22388	2674
215722	2675
145312	2676
267714	2677
156684	2678
2134629	2679
25889	2680
529514	2681
299328	2682
1733330	2683
196989	2684
1904231	2685
130681	2686
36892	2687
320321	2688
100090	2689
48037	2690
71372	2691
114525	2692
192677	2693
748387	2694
71024	2695
1488	2696
115410	2697
348136	2698
129284	2699
257700	2700
4957	2701
53280	2702
135856	2703
778063	2704
109324	2705
147249	2706
1412147	2707
1042318	2708
1860489	2709
265537	2710
10917	2711
620893	2712
54	2713
149715	2714
1093292	2715
1270713	2716
617397	2717
1355723	2718
221248	2719
113989	2720
242235	2721
159490	2722
132254	2723
65527	2724
219958	2725
138706	2726
1380338	2727
163745	2728
231315	2729
104164	2730
12392	2731
1443528	2732
221968	2733
128614	2734
77598	2735
776090	2736
61779	2737
97641	2738
231778	2739
116313	2740
179543	2741
622598	2742
465098	2743
224098	2744
653109	2745
656913	2746
215661	2747
63191	2748
354357	2749
812734	2750
1543079	2751
250662	2752
1901090	2753
273235	2754
160463	2755
51813	2756
240413	2757
108656	2758
699240	2759
116296	2760
139402	2761
1487731	2762
293703	2763
325994	2764
169916	2765
1794098	2766
182768	2767
462710	2768
142259	2769
64521	2770
623460	2771
207882	2772
1191911	2773
66367	2774
87504	2775
20644	2776
14072	2777
151365	2778
154142	2779
4703	2780
995049	2781
267128	2782
26549	2783
340254	2784
287424	2785
45621	2786
121812	2787
190702	2788
298403	2789
311277	2790
183850	2791
17478	2792
66568	2793
214851	2794
257669	2795
188172	2796
226467	2797
952290	2798
177817	2799
75320	2800
411145	2801
230323	2802
1679987	2803
253770	2804
35645	2805
229473	2806
90185	2807
328999	2808
749321	2809
27466	2810
97661	2811
295486	2812
1654013	2813
197682	2814
119947	2815
34024	2816
20186	2817
1115438	2818
370929	2819
191033	2820
1992054	2821
104843	2822
299167	2823
280551	2824
79587	2825
85176	2826
216196	2827
202635	2828
184136	2829
447850	2830
51303	2831
107517	2832
2101670	2833
106685	2834
968807	2835
1000872	2836
697339	2837
85965	2838
337341	2839
524329	2840
1561161	2841
181471	2842
389633	2843
46114	2844
110926	2845
163346	2846
98227	2847
131745	2848
1436240	2849
340133	2850
211084	2851
80761	2852
898254	2853
89755	2854
326199	2855
1551146	2856
111636	2857
1877	2858
25964	2859
75580	2860
698713	2861
100913	2862
1801619	2863
545084	2864
194658	2865
19587	2866
147357	2867
45553	2868
1376884	2869
202632	2870
208205	2871
104277	2872
88958	2873
279974	2874
1386757	2875
125098	2876
167234	2877
1122127	2878
136611	2879
207298	2880
995166	2881
1586713	2882
588032	2883
1159390	2884
104290	2885
798254	2886
1645771	2887
53516	2888
12894	2889
51692	2890
345310	2891
25193	2892
41551	2893
220474	2894
257102	2895
7174	2896
1933673	2897
329070	2898
183889	2899
21905	2900
183758	2901
110849	2902
81978	2903
2008056	2904
16849	2905
750481	2906
277407	2907
286347	2908
243164	2909
1554656	2910
190639	2911
291529	2912
43539	2913
505839	2914
1842668	2915
295045	2916
356588	2917
61599	2918
58328	2919
201647	2920
1314018	2921
222831	2922
86519	2923
134888	2924
168108	2925
91229	2926
195185	2927
196545	2928
8123	2929
161973	2930
134662	2931
10871	2932
165854	2933
524268	2934
664906	2935
121575	2936
432045	2937
366884	2938
141578	2939
14440	2940
1459826	2941
368888	2942
279220	2943
257153	2944
354000	2945
396503	2946
2163218	2947
342049	2948
183662	2949
55406	2950
342760	2951
49770	2952
81375	2953
1628221	2954
154001	2955
448905	2956
1951217	2957
259950	2958
80586	2959
99267	2960
61116	2961
1456470	2962
1012960	2963
102305	2964
77480	2965
170345	2966
1210714	2967
165930	2968
32378	2969
422296	2970
124230	2971
71993	2972
932018	2973
1022410	2974
495192	2975
1694577	2976
396494	2977
641919	2978
1452219	2979
282355	2980
100960	2981
13389	2982
1234315	2983
17197	2984
1420424	2985
650087	2986
257006	2987
236985	2988
377594	2989
437289	2990
796983	2991
1245066	2992
95542	2993
408809	2994
242016	2995
1459784	2996
182288	2997
1925918	2998
252627	2999
114263	3000
1494483	3001
61851	3002
1167383	3003
2532	3004
168623	3005
55432	3006
14352	3007
208065	3008
1245328	3009
77835	3010
100987	3011
632876	3012
215663	3013
335567	3014
94619	3015
374266	3016
46361	3017
145220	3018
158302	3019
1650580	3020
94003	3021
179881	3022
1017019	3023
1330174	3024
1600860	3025
1924356	3026
71158	3027
187211	3028
6744	3029
123234	3030
109560	3031
775189	3032
91061	3033
312452	3034
198291	3035
141850	3036
953548	3037
69970	3038
1956607	3039
160694	3040
90215	3041
548053	3042
166756	3043
63853	3044
154027	3045
297948	3046
23062	3047
1002924	3048
67970	3049
195415	3050
40412	3051
82551	3052
966167	3053
7484	3054
1452463	3055
1612618	3056
91656	3057
133914	3058
215673	3059
274235	3060
237983	3061
1315218	3062
35422	3063
1535667	3064
956618	3065
428046	3066
53178	3067
121428	3068
1744982	3069
1306641	3070
877142	3071
1011634	3072
52211	3073
122450	3074
61571	3075
5232	3076
83150	3077
9102	3078
171697	3079
208607	3080
121621	3081
1442541	3082
253743	3083
1100384	3084
743485	3085
747923	3086
1119382	3087
310308	3088
282488	3089
1748223	3090
148766	3091
69570	3092
718610	3093
115358	3094
93687	3095
60326	3096
51896	3097
8765	3098
665899	3099
751342	3100
295811	3101
299399	3102
491991	3103
80904	3104
175650	3105
83500	3106
65489	3107
301522	3108
1412031	3109
172763	3110
301362	3111
226219	3112
4489	3113
147140	3114
97561	3115
635596	3116
93168	3117
230288	3118
852090	3119
955599	3120
243899	3121
1110358	3122
62013	3123
332422	3124
129302	3125
140980	3126
42661	3127
367980	3128
1177647	3129
228533	3130
126897	3131
141985	3132
767556	3133
114305	3134
172087	3135
8357	3136
302074	3137
1090156	3138
145618	3139
170964	3140
178724	3141
308630	3142
55927	3143
864290	3144
330989	3145
655927	3146
87570	3147
107814	3148
219454	3149
96865	3150
21409	3151
178928	3152
433516	3153
1867447	3154
75063	3155
206228	3156
30059	3157
931687	3158
684904	3159
185137	3160
110989	3161
125122	3162
372179	3163
1474025	3164
1258961	3165
208600	3166
22456	3167
50837	3168
215675	3169
79484	3170
18040	3171
8101	3172
123257	3173
23689	3174
139916	3175
63228	3176
452235	3177
262251	3178
197685	3179
75872	3180
161969	3181
475966	3182
49899	3183
164822	3184
203671	3185
655882	3186
68470	3187
2013036	3188
307984	3189
846138	3190
144034	3191
160392	3192
30528	3193
133326	3194
1261512	3195
187898	3196
64891	3197
93214	3198
205962	3199
36766	3200
35561	3201
17124	3202
1212954	3203
36049	3204
564742	3205
420525	3206
29448	3207
404871	3208
12779	3209
80889	3210
210639	3211
79555	3212
87593	3213
324041	3214
61020	3215
195839	3216
140272	3217
375527	3218
99458	3219
1617099	3220
53143	3221
482194	3222
174097	3223
591470	3224
141663	3225
994670	3226
34379	3227
166613	3228
205117	3229
1790664	3230
31329	3231
56449	3232
1503805	3233
1629433	3234
248057	3235
13666	3236
1493436	3237
355359	3238
122813	3239
976919	3240
95098	3241
7812	3242
18311	3243
396925	3244
74817	3245
363226	3246
1299206	3247
8349	3248
202724	3249
227028	3250
245521	3251
1071365	3252
121521	3253
175435	3254
352083	3255
302553	3256
249175	3257
5009	3258
1299392	3259
1573659	3260
23293	3261
28116	3262
74151	3263
210435	3264
265881	3265
235535	3266
129591	3267
164348	3268
1708343	3269
539022	3270
13167	3271
190763	3272
226204	3273
333148	3274
70128	3275
1228113	3276
124315	3277
13393	3278
1661157	3279
118251	3280
136881	3281
37681	3282
176869	3283
611641	3284
20774	3285
307001	3286
27634	3287
347399	3288
90283	3289
379449	3290
108179	3291
46905	3292
939090	3293
429891	3294
108821	3295
94993	3296
745987	3297
43452	3298
364046	3299
654148	3300
217298	3301
212192	3302
1859	3303
354552	3304
334991	3305
1348058	3306
99557	3307
203068	3308
1039049	3309
1229473	3310
1416891	3311
330175	3312
223103	3313
316535	3314
235194	3315
287566	3316
1852929	3317
35870	3318
327672	3319
105336	3320
756629	3321
98482	3322
551725	3323
115054	3324
359756	3325
4390	3326
706005	3327
294491	3328
752923	3329
84579	3330
9618	3331
246100	3332
81237	3333
73576	3334
275391	3335
109467	3336
166685	3337
429032	3338
1812514	3339
46004	3340
932974	3341
233629	3342
308897	3343
294510	3344
97959	3345
95553	3346
545161	3347
786953	3348
368310	3349
146261	3350
163878	3351
486578	3352
340588	3353
337230	3354
339106	3355
303306	3356
503878	3357
211903	3358
32123	3359
150015	3360
938742	3361
58912	3362
186553	3363
24726	3364
108210	3365
130960	3366
771154	3367
130153	3368
315653	3369
517255	3370
119321	3371
319338	3372
36143	3373
349248	3374
1486195	3375
110197	3376
863870	3377
141070	3378
283798	3379
66315	3380
156265	3381
71971	3382
134107	3383
332202	3384
136309	3385
6227	3386
144648	3387
5712	3388
603075	3389
3649	3390
129502	3391
1505379	3392
1535388	3393
159346	3394
127398	3395
457507	3396
178279	3397
247948	3398
1324662	3399
1907980	3400
209491	3401
78988	3402
52201	3403
164583	3404
75991	3405
998495	3406
97886	3407
121941	3408
1427711	3409
916138	3410
688954	3411
45179	3412
56167	3413
251890	3414
726525	3415
498776	3416
281627	3417
123637	3418
680473	3419
84747	3420
30582	3421
177283	3422
103658	3423
332830	3424
98381	3425
700474	3426
205504	3427
26555	3428
971358	3429
8042	3430
362667	3431
64074	3432
963083	3433
153517	3434
558851	3435
78295	3436
434432	3437
4279	3438
906719	3439
855404	3440
90042	3441
129789	3442
114775	3443
103735	3444
1671332	3445
97645	3446
43193	3447
74238	3448
1585139	3449
149095	3450
218723	3451
68576	3452
1298236	3453
1222750	3454
196508	3455
4595	3456
854597	3457
1097156	3458
40288	3459
118803	3460
103203	3461
283	3462
1218646	3463
1634484	3464
621945	3465
1795714	3466
90591	3467
51794	3468
117046	3469
47320	3470
150522	3471
1132933	3472
32780	3473
34187	3474
202797	3475
2107405	3476
1630467	3477
777109	3478
569852	3479
