720	2357
1755	2143
2330	717
1670	2733
1001	2475
886	1093
2184	1217
548	2699
1295	532
1523	1811
2373	229
541	2242
188	2547
544	1398
2750	127
2294	1401
27	1998
887	2550
645	775
1308	1033
500	323
2242	621
742	453
2585	474
1610	432
995	942
2012	1067
2667	1166
2262	1119
641	1304
218	999
2454	698
180	1366
701	570
614	1493
1533	1204
2525	1509
913	1304
742	2283
206	177
742	1500
437	1791
1200	1318
187	628
451	2025
771	1277
1794	1137
123	1812
391	907
1699	1892
2705	536
272	684
451	2408
1185	1429
819	1464
2443	2784
2324	2016
2594	2272
2356	1259
2281	9
237	2360
225	2015
1112	2522
142	2278
272	2507
1794	1576
1296	2343
180	2093
391	2344
2184	941
188	1180
1687	784
833	1386
701	1356
2135	56
1622	108
866	93
45	2196
1027	1848
742	420
812	137
2012	343
2489	2605
2175	856
456	2478
2138	500
25	182
2670	1557
724	769
761	2588
577	450
702	989
109	127
742	2007
1955	2541
88	906
295	2439
1378	1847
646	1723
1886	1774
1222	1858
2024	2275
214	535
319	62
742	612
2491	1253
191	1152
1739	654
652	1234
2324	2269
819	1843
1877	67
1984	2227
44	2582
717	876
742	1333
2094	1651
1839	755
197	1091
648	609
2373	2687
1044	609
2631	803
1857	2053
1721	1733
112	573
1297	222
183	2662
1023	873
2373	1844
2207	1676
381	2343
1695	325
724	818
393	1993
1495	1836
523	1558
282	2443
2416	1142
447	2136
2201	768
360	1118
2271	323
1025	2533
1895	526
1263	129
1527	900
2429	1944
677	678
478	2338
786	1095
2118	2075
1025	2638
645	498
1224	72
2454	2743
1839	2426
453	350
2671	272
2782	2768
591	1940
170	387
470	116
138	15
1971	2289
1057	1911
2119	980
1433	2576
1252	2489
1082	2138
6	2584
837	2133
268	2022
998	2405
952	2706
2626	1811
685	1198
2435	545
351	700
378	403
2342	1334
740	1780
390	754
502	1417
16	1104
2535	408
953	649
742	1659
1309	2260
2717	1069
742	2203
1295	1962
575	2333
730	1260
676	402
724	2101
191	502
989	1437
2384	1568
125	66
2205	183
1341	1410
526	1435
2709	2511
1017	1283
943	1612
391	2676
2671	961
429	1391
2585	1554
1457	2733
645	605
1125	1351
114	1178
2349	1164
886	1288
2585	281
861	1620
163	1277
1059	1600
2511	485
960	351
137	986
2585	782
748	1321
1839	1161
2667	1366
1929	1565
515	1799
18	2172
304	1467
15	622
402	638
2785	522
886	453
1540	1773
602	787
144	1250
1053	132
237	1066
730	348
2609	2207
1820	794
2413	1909
1297	1445
761	1148
742	1359
1540	1900
2663	2601
282	194
748	1469
2167	1036
2038	993
178	944
272	2461
2383	1341
28	946
1894	76
2119	990
767	907
1540	2561
897	880
225	1652
1630	452
2167	881
188	1894
2510	2334
2663	1565
1541	239
1199	1848
390	377
2582	73
2478	2148
1151	1762
765	60
777	2393
2487	1985
1325	1225
917	1910
1501	2597
2431	2719
2119	2329
1480	2374
671	303
2244	625
1687	834
77	611
1743	1487
2520	893
1160	1929
742	1575
1065	127
278	1801
1211	1062
850	54
2201	843
95	1409
695	2788
1635	2375
2411	296
1676	1470
443	1536
1295	1453
2343	2329
1372	1279
2042	333
1897	2596
188	1359
702	1168
1480	280
1635	2049
809	2008
686	638
1535	1638
1239	2181
1082	815
277	2516
425	2686
645	2535
2586	2005
907	1289
2351	1676
949	2062
1649	1316
2667	1482
2506	2057
2761	1247
1387	2735
303	563
1039	737
935	1863
913	2695
791	974
980	824
677	1397
451	369
388	2388
1018	187
2478	1013
1377	1039
732	349
381	975
470	2766
2444	2424
160	1203
1857	2207
740	2251
1451	109
952	1905
363	1499
873	504
907	434
1579	1852
1433	2552
2536	1630
218	816
1715	51
949	2697
2782	1456
1001	1758
853	1183
228	2675
213	210
295	921
1631	2325
1875	226
645	1454
2201	1600
897	1625
755	1851
2091	850
2141	746
1609	2417
2506	879
1795	1787
2201	1708
2782	2285
2413	361
1287	785
1115	1623
231	2579
2167	1634
2281	1546
2015	518
2384	1519
1804	2313
59	952
546	855
2071	442
1285	834
199	347
1249	125
78	2076
660	2700
2633	2296
437	773
594	2186
2352	347
860	582
193	2541
374	832
2031	1029
839	2176
362	992
507	775
2673	948
2585	1366
1140	1696
1785	2075
1997	1724
2105	415
2573	2585
231	2182
414	1159
818	639
524	2196
114	2053
1285	2739
633	1378
780	2334
2456	873
1336	1122
866	102
702	1414
482	2489
2236	2611
2024	2354
1084	619
2226	534
19	2387
1672	521
1519	883
423	359
523	2160
618	1030
1759	2335
1631	138
2253	222
1295	1045
2667	878
956	723
2613	429
761	1719
1661	1884
423	797
1325	575
461	1381
764	1111
1111	942
2620	1183
2483	1632
290	1021
327	1031
2316	1176
1045	1603
1156	399
916	1261
1631	1056
248	1884
1586	60
1874	770
360	1062
911	2424
1348	2334
652	1490
2349	2547
2147	2753
1870	1022
1702	2443
451	1795
1857	896
1829	1416
2437	965
2536	538
793	1628
278	597
1451	241
812	1111
2119	1776
365	597
953	792
2766	2483
1166	916
528	2551
730	510
2281	2634
2060	850
2464	1773
268	565
813	2105
2478	360
2510	2542
861	2634
487	345
432	104
1184	0
1532	2090
2650	1682
2201	2625
391	2420
1140	279
826	978
2030	2672
791	1226
742	1845
1324	693
218	1103
394	268
1158	1243
745	2564
2669	2716
2076	306
78	495
188	362
1065	1623
953	74
659	790
2482	2127
477	55
1369	1706
577	2084
592	2082
462	199
1354	898
2213	2020
2291	1332
546	444
214	230
1371	946
889	980
1702	376
2314	262
1783	1162
1080	991
1495	1202
945	1413
2002	576
441	2694
2456	1175
717	1743
742	2515
2024	1147
883	2784
648	722
2491	1981
2619	961
740	292
1904	1133
742	608
2478	316
236	1964
1464	492
2359	250
740	1075
1126	2451
34	131
625	1495
1794	1692
1005	769
1199	2157
646	2079
140	1470
1580	453
2325	2397
358	1
1223	191
2383	2138
2361	1204
1140	2300
2670	85
1494	481
862	1331
218	479
885	1810
2256	1803
378	2497
2001	2709
757	2612
378	2682
523	1625
2350	2207
928	1477
570	297
497	2206
2317	1460
278	1609
1129	2235
2454	1362
947	1528
1036	547
1211	1163
1607	335
702	2306
187	1507
1053	1419
2667	1888
2184	1827
188	2415
278	880
724	651
1079	1530
1065	1040
1939	2269
1003	2011
2673	2263
952	872
887	2283
1733	516
560	1901
800	1897
278	1470
1249	110
2118	1955
886	1544
381	1514
141	1187
897	2594
645	2757
2342	2147
2670	2579
2536	2719
1966	2029
1809	882
212	2729
314	902
1094	1851
188	2225
1127	754
389	2678
298	2522
1666	2238
414	1843
311	1942
1982	375
732	2665
410	900
126	1156
883	1597
472	2712
953	1389
858	2408
2463	1789
990	612
1982	1069
1617	308
34	888
2491	1517
1074	2624
2288	1396
153	1437
546	2609
2085	105
2461	2179
742	535
732	2492
268	1260
2384	1145
1930	2561
1476	2678
1823	1335
2281	2083
790	2631
2748	684
2473	925
1713	441
742	52
1127	1729
1707	696
338	1479
2496	388
2373	2061
392	2118
594	2082
730	1134
278	54
2351	2792
598	53
2285	140
897	1652
835	629
2038	1381
2478	951
1861	263
1251	2054
2585	5
2201	1283
1866	140
724	2466
724	2120
706	672
993	2304
2370	2049
311	2002
487	2128
353	135
1295	504
1142	767
917	1773
744	2775
67	1198
740	1328
2405	2099
1141	2273
2383	464
959	1130
2720	672
886	1364
897	1764
1968	1533
338	670
1877	2320
1120	2510
1206	163
561	2668
145	263
1759	2164
970	2658
1535	1945
2381	2342
1964	2427
1733	1720
514	72
1046	1957
797	744
371	11
1603	2262
66	72
1410	2736
272	1516
1297	25
1495	2137
191	1125
1111	2329
225	296
2436	1161
2663	1037
273	124
2032	781
1199	2626
2792	976
1299	1726
1200	748
2141	2608
268	55
819	2110
795	187
1540	2259
351	489
953	2250
742	2433
1177	1078
2361	1165
15	2262
78	92
2384	275
1804	526
1702	295
206	1652
791	2061
1670	2450
2536	2202
1624	1835
1533	2195
381	1484
796	81
1199	2422
2691	2168
2257	1023
1930	1988
371	1616
347	1219
2485	2488
1295	1436
1809	242
1670	674
180	322
1540	2500
724	48
1234	1637
1495	2369
952	765
2595	2728
2336	1428
1555	1649
2119	276
943	62
2437	2199
725	1440
93	836
1413	1602
2398	1464
1485	231
742	1872
1059	1318
1246	2644
1295	2146
753	1077
1427	439
2565	1473
2129	1076
949	671
1698	546
742	2200
2477	1088
2400	571
174	724
1928	2044
907	734
911	2515
1535	1402
1680	1017
145	1926
1135	1276
2100	1279
2487	301
366	1131
724	1734
1039	1203
1992	2472
943	1571
742	1067
854	1621
975	724
2111	2557
1670	1365
654	2377
1979	2167
812	69
282	2432
2119	2754
1333	2178
1608	890
1794	81
742	2535
806	1091
2464	2353
2474	1373
378	778
932	2114
2489	1324
1424	216
1336	1725
1485	1431
2506	1754
1062	274
597	2565
959	369
1234	2641
648	2389
241	2164
2760	120
1392	807
2196	414
2167	1287
2141	1252
569	1207
597	1575
2431	2642
742	2152
183	2687
1495	639
1929	658
1710	1519
1705	1339
907	1593
945	83
2637	1259
78	583
1311	100
1857	1258
1561	2279
1541	1971
2623	1973
1241	1763
1286	296
1114	1645
1542	2464
545	1608
1059	1956
932	1394
1200	1288
2042	656
1116	2621
732	397
1392	492
2373	2608
210	313
1042	1596
268	2273
222	1022
272	1617
1850	1553
1005	134
2255	636
2626	2547
1292	2466
391	1846
2146	1511
2027	2361
487	2043
1151	280
2463	1495
2467	917
381	1874
1895	238
415	1164
2438	852
734	1310
742	2086
2317	1543
118	776
786	1377
2438	1000
2762	140
361	243
724	1434
2334	1824
177	1934
2031	69
1368	963
1895	2321
2015	2034
435	691
546	522
485	2449
1390	2638
28	2609
1631	663
945	337
1533	118
2667	2236
2748	854
188	1536
1325	1194
1143	1471
1648	717
1059	320
547	1958
1287	272
1448	265
2590	37
1325	2200
2415	112
18	1457
278	1050
648	1475
184	1271
1225	1021
125	2764
36	1232
643	2179
1614	863
2609	2632
1346	1114
1013	1985
2021	1499
1437	1892
1114	1702
2691	1493
2695	1344
118	2102
2687	1502
19	2345
2077	778
2414	729
2748	160
1519	1762
479	2237
311	606
1555	64
2683	979
446	1463
2723	2002
1895	606
953	2371
2184	1762
1295	936
810	2781
857	137
2747	2144
790	1916
2373	101
1510	1674
2373	698
1027	756
459	2376
1184	2645
1608	1225
885	2238
1847	1490
2364	1701
935	428
1982	1452
1573	1495
1143	1952
206	1791
1532	646
507	866
1140	2571
325	1780
1177	1896
479	300
285	62
523	1647
2789	337
2454	545
810	1238
962	607
227	195
2342	337
1127	1952
809	1092
1608	836
2183	420
732	30
1549	1400
487	1128
742	745
1167	1496
1533	557
2456	1618
2461	126
530	939
880	2481
2667	1839
2245	130
1947	1584
885	1333
1610	1927
2294	664
1011	1128
1059	2581
742	2290
702	399
621	780
2748	713
112	1338
2585	2105
2384	1331
2334	152
1074	2055
647	2046
192	380
2383	384
1809	2657
1152	727
2221	2225
37	2027
142	1444
460	2230
2016	387
188	2641
279	459
1450	2553
742	2005
740	435
2416	1590
801	1391
1997	161
105	2750
742	684
1169	320
371	2592
2751	2306
114	330
2620	140
2599	1442
1112	2172
1323	850
1152	741
468	2177
2004	1523
955	178
2609	951
2184	1315
1666	1437
2431	2730
2523	280
1618	1791
907	1977
618	2169
150	1273
78	1007
1309	2685
2016	1549
282	1101
391	2160
2744	2502
1780	2204
791	1082
1982	2732
742	2111
451	2369
98	1214
742	508
850	1990
1733	492
1786	1358
605	1494
360	1219
1439	2741
1116	2485
183	1588
680	798
1666	2307
1809	378
1409	1738
980	1991
1848	2716
1062	1128
2573	1038
2374	2496
2683	887
2613	1683
1001	1605
742	924
777	2440
451	2400
791	2199
1163	1922
742	2699
2632	596
869	1026
2384	1814
1452	717
1315	2543
724	2628
1293	548
119	1775
1001	2233
1009	252
470	1633
2152	750
2016	1731
780	96
1211	2221
953	805
525	1227
2381	387
2373	1914
1540	264
1065	132
214	110
378	2496
1355	1974
1142	202
325	2497
2012	1179
1702	1664
124	1713
594	2096
141	2134
1448	1086
2603	1034
2373	84
1687	66
742	972
2284	2487
2456	1226
2616	133
458	1573
1966	954
2091	498
763	2589
2768	1804
1323	617
1286	272
2200	2507
742	1684
886	2424
526	1755
740	1972
1759	1171
2077	770
1000	1212
122	2362
742	1105
897	231
2349	858
1782	2069
1008	2525
423	355
645	587
30	456
1325	247
2152	2743
648	2039
1309	1088
1713	1215
1399	423
1517	1829
524	2410
214	21
1372	1280
2416	1630
2355	2421
742	2211
2355	1724
438	712
2184	649
216	971
1713	2076
30	1388
797	910
1663	2272
648	2551
192	875
1065	1640
982	848
2739	839
1200	1344
2435	660
2413	1946
223	1511
2431	868
2351	1958
339	980
2038	1086
2038	1617
953	2612
232	1808
717	749
2431	775
2167	808
2283	1591
1743	472
1541	2186
391	654
1413	1390
2691	1215
1266	1635
1001	1145
985	960
1309	594
552	1747
2478	1562
1378	1703
695	1927
34	2520
191	818
1133	1057
724	2788
913	1558
251	2037
1233	2640
742	1967
391	2168
1836	900
1159	19
2146	2243
2313	2022
2105	1199
2664	2669
2556	683
278	1954
2439	1696
2346	1528
1256	2396
1485	2292
793	8
1114	2274
365	1019
2623	476
2677	609
236	186
1065	2440
2207	2215
1378	1612
730	827
2201	534
1295	53
438	1295
776	1980
2724	200
1001	2583
1598	1378
216	2317
1670	795
316	767
505	1806
1666	393
1672	2349
1401	2238
742	32
911	1838
1292	2476
199	691
602	1487
2683	2000
985	2020
2667	1682
412	1727
2025	1087
1355	1709
907	1641
1875	1220
851	229
711	151
2033	593
1293	2788
2450	1609
2585	988
708	291
487	578
130	2083
1172	1589
897	2399
2108	449
1074	2183
1968	391
67	516
2539	258
423	11
2623	2510
968	85
1627	10
2755	1854
1042	481
1292	2255
44	392
2017	1072
1425	1679
641	1165
1940	2147
1670	1661
1114	1261
2753	1369
1146	1950
2693	804
470	2538
660	22
1145	633
549	1162
351	1653
1365	470
187	2423
1540	2654
2724	10
257	2740
431	69
1346	1219
1855	964
2585	1295
724	2541
2585	1084
548	1251
761	516
897	2735
724	2362
669	1870
2324	619
2016	2500
391	1916
218	2343
1727	466
217	1038
1325	557
221	6
1450	1445
548	45
2720	1031
1648	2633
2436	571
561	25
1286	1296
114	479
44	1717
2026	1550
332	2363
2349	364
1930	2748
690	1250
150	2607
794	2743
447	1127
1813	759
727	974
193	874
351	2331
1607	1443
1065	2709
338	478
2573	2404
2383	1036
584	2533
2433	1552
742	1681
2221	615
643	2414
2413	50
216	2691
1085	539
724	159
1065	2496
1065	2078
1541	2160
639	2079
198	882
2384	2388
2673	850
2116	2751
2266	1535
1624	2500
677	646
2016	1755
953	2085
968	2273
2201	287
1647	1758
960	1686
648	600
2384	2406
913	1918
2202	1727
231	274
2012	467
2024	1859
724	857
1627	663
2739	2591
78	1902
677	2236
1152	46
724	871
78	1880
1040	2315
742	439
438	1824
1650	1093
875	1865
1053	1406
742	434
742	754
528	2676
2501	89
1384	1194
2464	2499
2024	512
2673	1297
193	501
1940	24
648	2287
99	683
1065	592
1264	952
262	2458
1425	2301
2119	2646
1082	1774
260	2466
36	2268
586	1619
44	1186
249	502
743	1336
1690	2163
2291	744
742	2041
1095	1361
405	1707
19	1646
2231	1762
831	371
360	577
1140	2712
880	2176
1307	1160
769	2535
1282	474
618	2092
956	35
2466	1881
2416	930
1001	773
975	1853
163	993
2443	83
2090	1098
23	1973
2244	1545
174	2166
524	2755
801	1372
575	314
724	242
2184	402
907	2238
2609	917
724	798
1479	1286
691	904
2159	970
1906	857
1200	2776
1390	1273
591	1734
2391	906
1198	1900
2091	167
295	64
1713	1567
1971	818
724	2251
768	2483
2667	2196
865	209
685	1336
645	2522
1285	717
174	1156
405	2735
1025	2388
2437	1727
764	2198
866	2647
1367	2136
1927	2
339	1159
237	1706
539	920
1141	32
633	283
742	2626
2669	2704
2613	1891
2176	1638
2679	1287
2487	1031
897	108
749	1300
839	1677
1532	1431
1974	1611
1184	812
1042	860
546	2508
1003	1525
1372	2516
772	383
1251	197
581	973
812	1624
539	2195
333	1578
1059	786
169	139
742	35
1291	2711
1215	1999
2632	2558
978	695
187	2730
953	892
919	2340
645	913
105	797
2259	2789
291	1692
1142	2167
1082	1650
535	1158
1676	853
835	1110
380	541
447	647
1520	274
1325	990
1302	2606
2042	1678
2204	2651
742	273
290	2774
1218	312
63	471
1315	746
1341	485
2349	497
724	2547
1233	1685
1510	473
860	1686
17	2598
953	1840
2337	1252
2281	829
2467	1515
1437	372
453	1725
2184	414
2407	2306
833	2040
740	2432
2550	949
2383	852
979	1155
742	2671
742	1275
2069	386
310	2410
717	2239
2161	1607
314	1430
1532	1898
1670	1512
2661	1103
319	1848
697	499
186	274
1554	473
724	2166
1612	736
1541	629
66	1208
1577	1886
2747	2579
1463	2696
526	1798
221	203
2184	1038
886	821
2674	1578
1143	245
1713	2210
2170	2533
414	2220
559	742
1773	2646
947	504
1876	607
2711	1780
1930	125
2418	1285
2184	1113
897	1987
1759	2072
546	1103
105	2475
1908	2258
237	2517
1800	1446
333	2531
1882	1676
742	172
453	589
717	1823
1780	1776
447	1046
1062	64
460	847
422	1955
1743	979
78	979
911	1873
2128	1240
1733	35
2478	188
2670	1964
2255	2379
1112	1975
757	773
2201	1272
2755	1534
2351	16
414	2074
502	1003
1115	2046
1523	2533
2201	1516
393	1498
2739	3
1714	2606
742	2749
621	475
546	2793
306	1146
2437	22
740	1599
2108	2232
1142	2541
92	402
1971	388
2347	2349
1311	1305
112	2551
1582	2771
953	169
180	2328
2314	296
2201	2055
296	1173
2212	2156
2456	658
1712	1057
1745	2482
191	1022
618	1062
869	215
437	1759
415	1545
485	1930
78	1357
635	1461
12	754
306	913
749	1586
150	2362
2747	1937
338	1291
780	1678
938	38
1568	2688
1820	2167
191	1171
1610	471
284	2753
2506	1656
357	257
272	323
851	1020
2052	804
575	2444
2437	379
1062	2614
2091	821
1642	2520
2431	2504
1813	2606
1813	2222
1656	1845
1325	2499
1626	2167
645	2452
1705	1005
742	1949
624	1989
717	2680
1886	1805
1248	1273
170	296
740	1482
299	868
2741	1649
1751	102
442	401
776	1420
774	1650
905	223
357	218
178	1423
2623	2665
360	1640
2213	982
176	98
1733	2460
618	1487
2383	79
523	2740
901	1560
1026	1600
517	2081
1733	15
682	1296
1955	1130
1794	1470
105	2781
1527	2505
1001	237
1051	549
969	1430
384	304
1065	2093
2669	1885
1095	2193
546	1226
1880	1756
278	1358
2591	634
163	143
1977	2527
2225	258
2495	2066
2456	1174
2361	1583
702	443
1976	1955
2317	1440
78	366
2205	2560
791	986
278	269
2373	148
1140	2360
28	2623
730	2149
1670	1304
228	1051
2334	562
748	698
272	2312
546	2175
214	1088
1214	1084
1200	349
2460	1620
742	898
470	1646
907	1003
1000	2372
1680	1754
1946	1005
1606	924
1378	1138
839	600
2402	1094
191	1463
720	1138
2119	1729
2673	536
78	2278
1378	1274
1519	2754
1519	2378
2305	1221
486	2549
658	1548
1273	897
365	1652
1095	801
1013	2776
742	1528
501	2710
671	2452
2112	2255
2036	86
265	648
1904	2518
1982	2067
569	1917
1722	1252
2361	1017
2070	2391
1762	2640
1325	1424
841	2655
236	2331
341	618
814	1940
2711	2459
1127	2331
850	1908
897	2571
73	129
2431	1302
441	2087
900	2762
575	2441
2016	768
677	2148
2683	271
1670	450
1295	2163
839	34
913	60
911	2531
886	1027
98	2086
885	2078
2478	98
537	2123
913	1319
1785	2122
1549	2667
2663	787
670	1207
95	394
888	1659
1309	2385
732	2280
1495	2412
272	1159
389	2069
1047	453
1126	2493
2186	763
602	1601
319	616
1743	743
1408	2728
2585	1281
2190	88
1982	1245
1383	1404
218	1429
254	1598
1295	2126
2384	814
582	2793
1074	460
191	90
1495	821
2373	425
2096	1531
2413	1766
1292	1583
618	2296
927	62
1337	684
191	177
2585	2512
1706	997
1378	2477
2201	1494
671	182
191	1646
30	2193
1670	2780
660	2318
1745	2501
2691	2020
2078	1983
2167	1939
2443	2423
1280	680
1933	734
953	112
2478	222
202	2469
2748	2718
193	2289
2673	1977
2499	2461
785	46
1997	2750
34	562
1532	2586
1360	1898
1662	2694
1927	1067
2747	1812
1863	1477
618	1025
17	810
214	1505
319	778
105	1376
826	1451
191	694
742	1876
218	2141
2	2692
1888	1900
1702	1266
1065	1656
730	2353
894	832
2267	1005
2201	2018
485	151
2016	321
1292	786
720	467
907	959
2478	1178
2361	1285
2545	1088
1959	1824
1292	545
236	2375
358	395
654	1660
2586	1990
869	1508
969	2029
1930	1094
1901	121
78	1602
1142	1920
523	1309
2170	769
213	1770
2688	235
272	1279
1702	1418
1895	2003
229	922
994	999
462	991
1652	629
1670	1116
2396	2287
1329	1906
949	2381
216	115
885	1653
1140	3
163	578
897	193
470	2336
282	1578
1828	1605
482	1733
1809	1798
932	1675
53	2456
2038	194
226	1620
1713	96
1378	656
870	1362
1901	1401
357	2403
378	2529
724	1497
1000	319
1631	755
724	535
453	2012
2667	2549
285	637
1142	538
2722	776
78	568
140	2432
2747	1003
1680	2122
303	1965
745	2608
840	499
2443	1655
191	153
546	472
1309	1777
218	2655
621	1733
1233	796
2489	1209
569	2531
2119	1282
1722	2015
1727	128
1292	2415
1027	527
2466	2261
468	1740
742	2639
2673	2398
2275	1644
2668	1494
1067	2036
118	241
379	2161
873	1916
541	1664
280	2396
467	848
886	2577
1808	125
2670	64
1452	2736
130	1055
1487	952
829	1625
2413	137
648	311
1059	455
720	1537
645	1406
869	917
1065	1229
913	1856
1340	1444
505	2784
2351	1839
159	2005
2145	438
791	2273
1324	563
702	2617
1577	123
1542	957
112	1165
373	1409
1325	1081
1082	1220
677	413
986	719
1000	7
702	2672
1065	1812
2667	1577
142	1939
2305	1680
1224	1022
720	1769
546	2503
2302	126
1918	1465
168	1785
1500	303
880	2747
953	1935
2112	351
78	1453
780	447
1610	1655
2091	101
470	481
2688	560
838	2332
547	2615
1973	872
1349	981
554	814
2305	1169
1167	2484
730	2094
526	622
368	2004
2711	2704
1960	2151
960	1781
2670	2694
1441	1863
2437	2034
742	927
724	2393
268	2717
2201	1116
2536	807
530	2636
105	1037
2760	997
586	935
372	923
1053	1685
333	703
225	1380
795	315
1095	108
872	504
742	1919
2454	1588
142	984
953	337
459	2402
236	979
1162	2446
897	2533
2373	268
799	1358
946	23
742	1732
2473	2692
146	1886
56	811
378	2058
1759	2313
1565	2710
2473	990
1987	2192
1415	928
847	1139
12	2164
32	2450
1378	1356
2043	1917
2487	1431
1272	1855
437	1704
333	2271
2112	896
1298	1347
260	978
1082	408
2623	1868
740	1448
742	225
547	721
2201	2367
2632	674
1003	98
193	2141
2317	1922
742	2722
1476	1081
228	728
523	1406
594	1914
677	1682
2383	2590
2527	694
381	2243
2149	1099
251	1244
15	1291
793	2476
1215	1868
708	388
2528	1348
1519	397
602	1424
819	639
944	342
524	2368
2640	2280
966	49
526	259
955	623
2573	1043
1839	233
1588	1512
861	1347
191	2336
885	1422
1782	2214
357	1786
2667	659
952	2573
119	2561
29	158
2201	2007
913	94
237	2005
2250	1392
1143	816
277	2041
1717	1876
117	1148
721	674
1299	1968
1402	1905
619	2221
1759	1109
237	1926
968	2496
2221	2705
1733	1587
721	557
2038	1973
157	1146
2183	424
1167	575
2536	387
290	1477
2595	157
1619	220
1541	465
1480	552
2667	1130
2201	2410
2201	736
730	1407
2184	584
1062	2240
668	593
2361	2702
645	2316
338	1262
1047	1883
57	2468
848	1881
1413	2573
28	2251
2755	1816
2040	1744
363	2159
945	2525
2647	1181
602	436
2245	356
2692	29
1299	1456
54	1646
1048	61
272	2193
1151	235
2374	1833
2334	1338
694	861
847	1933
1336	962
702	839
2383	2356
1200	2600
179	1711
2626	291
191	1506
1001	2751
931	1832
1746	2223
2605	1143
381	1813
645	2035
701	2285
325	2458
2781	1309
2622	1057
2024	1589
1744	2384
619	458
283	1845
278	2057
1531	73
740	2656
1485	2392
1295	1292
2691	620
461	1228
2016	1665
1888	314
2031	2387
2720	539
847	186
269	867
1631	1146
662	1394
2468	770
551	2023
1516	2259
453	2461
2784	860
1532	259
2294	1489
2250	2628
280	1704
1462	1755
2141	1689
379	2043
1733	1188
1216	2152
1868	521
1378	1057
1142	2308
2762	1023
2119	1273
745	243
2593	2186
2303	1433
1293	2205
2585	350
2256	1974
2573	2209
1832	2140
2460	314
1795	153
2269	1068
1457	2594
2201	2284
516	547
1927	1029
2024	2740
1054	2748
1582	1538
384	2237
505	2075
406	2438
1179	1056
1948	1542
742	1186
1857	1459
2456	901
1261	2425
98	185
477	1305
1651	316
2303	1237
1065	648
2300	2001
523	1454
2747	2642
913	242
742	2393
2591	2364
1437	1824
929	683
1483	2155
616	258
438	2586
548	1580
1795	1152
461	800
2409	1238
617	1504
290	1268
286	597
2334	1499
487	2395
974	1925
1082	2318
278	1905
645	1607
742	2759
2585	2299
2482	2401
730	2516
451	385
1541	908
1355	1614
960	2710
824	1624
1133	2490
720	1836
742	2152
1290	1088
1200	1881
1200	2600
278	1094
2121	1969
2024	740
1540	678
1563	2577
2034	257
907	393
2413	1174
82	1124
717	398
526	793
1599	1400
2523	720
671	2576
2755	470
1159	2557
645	418
365	1921
1533	668
378	67
952	2608
1725	1006
1759	1625
278	1573
1631	1922
742	688
1142	2481
1244	310
1538	198
1372	956
897	2485
2230	1808
1495	363
913	1291
1474	1522
593	435
2536	2497
57	1271
1727	1227
1659	1207
15	229
1140	260
469	212
278	2403
2384	2213
156	2768
752	553
724	651
1699	2194
943	1695
648	1594
1817	1415
523	864
2119	65
575	2069
1268	1821
1345	2206
2201	287
985	1047
98	1049
2349	277
1933	1783
1452	1095
1235	926
742	1914
751	905
1899	868
727	1510
305	1428
2232	1049
2776	870
381	1613
419	757
198	86
1172	1808
1680	2471
636	2342
824	301
1065	2383
1732	855
2768	1375
2521	1525
272	2506
548	193
546	735
1769	1665
2609	1250
2167	1297
648	1130
1817	953
2536	287
1391	360
995	2170
1027	1909
42	746
2712	2604
2259	908
833	1779
971	563
660	2531
2016	2335
1680	1836
621	2323
361	211
745	462
962	1865
213	306
1495	1908
1948	1075
1360	2509
724	1606
336	1897
1135	2251
831	1999
2415	1512
2669	103
742	1703
1059	2731
1842	906
2667	675
907	264
485	1453
1928	1687
1059	1632
1053	161
1042	2407
216	1984
1000	1046
225	361
1135	2370
1617	721
733	2564
472	407
2109	1428
961	593
1325	758
2308	1038
227	568
479	186
2487	965
2038	2349
2550	1084
272	734
1927	225
2334	1006
911	1949
792	2480
1961	123
742	908
1277	2065
2285	2222
1309	1375
785	285
602	2682
387	1866
2118	1892
2407	2684
254	2761
2609	2474
618	2089
702	554
930	96
2431	1894
487	936
1001	764
526	1003
526	1003
2016	1552
1787	671
1449	2394
2585	2317
730	566
1845	1752
2105	1708
2625	776
648	2709
1292	1027
188	859
648	2666
652	1343
953	2579
2085	300
1463	1929
1519	1449
2524	1833
1045	1552
1433	615
278	2662
2175	1392
22	2282
1549	1136
877	1929
1904	1716
2573	711
78	1374
1133	2291
1971	1380
1949	1415
2691	564
1616	1495
1022	2587
1930	27
78	279
462	1222
2670	1999
1295	2460
1627	1030
451	735
2016	1559
1839	1338
2076	1586
1550	1414
1795	1464
2091	52
1045	2759
1925	1326
2016	872
2416	54
114	813
1062	1432
1346	2524
1457	2662
745	2501
1140	2140
1448	2609
2450	827
1973	2359
277	2168
727	2224
2351	1673
2445	2431
1684	2764
1023	1675
869	2416
1468	2426
2407	2120
2748	1576
1763	1352
548	2032
207	11
360	2272
1096	1468
1334	2125
1627	240
546	2771
2015	1656
914	2620
447	699
1618	2574
387	379
2506	237
459	769
437	2453
2456	2350
225	2757
2488	724
451	354
1249	567
1065	2757
869	2320
648	453
742	664
540	1297
434	1810
770	1280
1003	37
293	1850
1860	1428
2285	48
530	906
742	442
724	1520
860	1006
855	2587
2668	925
389	1188
897	2069
1443	1119
1065	2141
2683	2202
1865	351
133	2158
645	1962
1566	328
969	2723
2091	1214
1817	859
1354	2345
92	1270
648	963
2403	1670
447	229
2454	2069
1872	421
2072	2209
1074	602
742	1943
1533	1864
1661	425
1074	173
725	629
1378	1202
819	2541
110	2050
1533	208
186	600
2038	984
1839	685
66	919
0	589
581	610
184	258
1838	2243
1966	1461
745	2445
1533	302
742	1205
278	635
730	250
378	1412
1986	194
1048	2360
677	2401
2594	1470
1676	260
1067	2160
1302	2485
1790	642
1646	1152
2437	412
467	686
1795	996
751	912
1734	2186
2647	392
502	439
2351	2569
1080	612
1425	62
1707	1636
526	662
282	2096
2715	2675
673	363
898	1119
1042	1199
2016	1024
1429	2733
2244	2683
78	809
820	3
2477	1099
114	2198
2130	1556
985	2390
651	2453
185	163
1903	331
2484	1608
471	1713
2197	1960
447	1644
2506	2228
676	1204
2439	136
378	262
2254	684
505	891
1241	2080
2123	600
18	967
753	960
523	2502
1535	1838
378	956
1200	1709
913	75
742	879
652	1376
1934	2459
451	2208
2585	422
2245	1833
1125	2016
1152	240
2437	2019
1126	609
2351	2456
1492	2424
633	1868
1286	366
191	2374
188	2330
2119	1193
1485	1292
390	1976
1297	2254
393	1117
1116	2235
1964	260
1425	495
180	2051
1067	685
2766	2055
218	645
1065	2412
648	2692
1839	1242
2230	1701
824	997
1114	862
2351	2190
917	2453
726	1243
1933	2754
2373	560
163	561
969	1215
753	581
2370	943
977	983
1927	1890
1670	54
742	1605
790	1324
1051	24
614	1812
1295	657
102	2664
835	642
968	63
2626	924
1109	994
133	2070
587	44
2284	1772
1145	512
1049	2749
569	821
2332	1972
30	498
334	866
69	770
88	2506
885	946
256	2419
1873	1236
125	2327
1172	1769
2376	426
829	1908
1145	1247
2384	1129
1751	1880
833	1809
178	1823
1603	276
953	80
984	65
742	2570
1206	466
727	2495
253	1297
1215	332
2609	13
2024	1363
214	2259
2760	2710
391	1787
78	2086
1065	2420
114	98
1648	1993
523	2587
1292	1125
717	1843
1997	1721
2787	1358
866	97
60	1176
1051	516
591	696
1039	2216
1295	2535
913	2113
2038	352
1271	1742
943	1468
105	655
2012	667
2201	2490
2383	62
142	2574
1554	2098
851	2621
1152	2306
2478	867
225	572
1061	892
2482	73
189	1123
453	320
45	1824
2787	2155
1440	1524
2184	1019
785	2434
546	1186
368	360
742	657
1933	1208
2590	140
2055	1749
525	1609
1059	677
278	1191
744	2652
316	1485
687	618
314	1016
2097	1279
1392	1549
373	210
1495	2514
1822	1376
645	2300
1927	368
742	249
191	2599
1815	1355
1577	500
1118	907
575	276
720	1734
1885	2770
742	1741
2489	1979
191	2157
497	755
228	1728
1647	1073
2384	44
1975	1745
1000	329
2728	2323
1296	9
278	991
2482	1306
1487	21
1067	714
364	1660
1114	202
212	633
1297	694
2024	1724
939	753
935	1954
188	2179
265	2447
1519	2034
119	304
368	2153
742	2681
1297	2133
665	597
2738	1393
228	2375
645	706
1080	1646
1111	1061
1911	1445
2468	2517
2730	853
357	1715
2308	1756
223	299
1116	1503
1059	1078
1756	2561
1795	448
937	2554
265	1286
2112	1085
368	1868
619	224
2119	516
1533	1239
671	2248
187	1100
1614	483
278	2253
1188	744
2163	820
953	239
1501	951
163	264
885	66
1295	426
2268	2621
2351	1075
1159	1124
105	824
140	992
2230	1330
1631	1659
1812	2236
1177	2001
2351	821
1973	2256
284	928
78	530
2104	4
984	451
1373	1782
2573	751
724	1439
2667	2789
2739	2609
2663	514
1656	1849
2620	2329
378	1504
288	935
2098	575
2108	711
952	2011
125	2527
1983	2685
60	500
1817	445
551	2476
742	465
569	2274
360	2691
1415	592
1495	2005
2324	1205
328	875
866	1178
1065	1198
2201	1849
1296	1776
597	2067
1065	1859
953	1907
179	1924
1759	518
1280	413
730	1453
1212	2279
2012	2634
195	921
1200	2760
1030	1946
619	323
618	1740
515	2316
1495	985
569	1429
357	234
1378	536
1378	1353
34	1710
949	873
482	1033
890	1700
12	713
105	1314
1991	1898
2788	130
306	2162
2487	71
1413	2703
2595	738
1177	489
742	436
542	182
2184	901
541	1682
98	2362
780	1798
353	79
1083	2057
2107	2290
911	205
1493	2538
953	178
969	1348
163	2021
2183	727
2373	192
2194	1405
1995	1120
1631	2114
968	233
650	1715
420	91
1895	2787
2691	1564
790	1712
742	2365
594	1903
1541	565
1716	1726
183	1844
1152	2381
607	858
1065	2321
236	228
1533	1576
191	1222
2235	1276
1156	991
2667	1997
1541	1015
1378	446
1729	1702
724	1227
2454	263
250	835
1739	2027
740	582
636	1944
2016	2580
1184	2136
2505	1139
2370	2742
482	1404
1538	1300
2470	2543
1200	404
1078	2193
748	2246
897	963
1022	1898
648	80
1506	624
924	1876
2457	354
1812	1764
742	1638
745	2178
943	1767
485	1983
1200	2100
677	1132
2308	1528
154	2399
1142	1445
614	1479
216	47
742	307
701	582
78	1878
2540	616
1059	2167
645	384
644	543
1002	201
2591	1793
2184	798
908	2596
1407	2059
779	1731
270	436
1442	684
2032	2610
2730	349
650	1044
740	2066
1813	368
627	2544
2156	315
1532	846
1971	1339
708	465
2417	1540
368	2295
897	431
1480	850
646	2395
1631	2083
551	643
230	992
272	1342
1581	1392
1665	313
1329	990
378	1801
1142	1599
742	1110
488	2045
819	1995
1378	1897
2407	2208
1971	1860
1442	273
357	1551
953	1497
414	1740
451	1214
1295	1897
1702	2596
105	2600
381	1789
1555	1423
742	1866
1114	2671
184	2097
1635	944
138	1191
742	1283
741	2579
1059	2550
2573	814
1335	1600
1123	1951
2167	2348
138	1320
897	1012
2207	2476
2591	1273
2097	1170
1733	1742
441	1985
903	980
1705	368
1295	2066
636	722
2747	872
292	392
1205	1386
2398	2030
2119	836
742	1828
1048	1341
1200	2322
2735	1133
569	6
1541	1711
1982	430
2717	1479
2351	2540
2594	2736
2510	260
1001	401
824	2383
281	2297
1666	1166
2468	2226
742	84
384	1264
463	94
824	1321
1821	2504
546	438
635	1200
792	2722
2573	836
1164	1922
1372	2646
2197	253
857	383
1065	386
2684	1525
1713	930
1762	2758
990	1692
748	252
1095	1582
2016	1956
742	2675
2266	87
1345	15
2468	854
105	1265
28	1414
1065	2720
147	1259
1739	190
142	1763
1927	2121
1388	1842
732	213
217	516
30	2039
724	442
2762	639
377	1941
1111	884
52	1754
143	2501
546	2727
200	989
641	845
380	2497
2221	2194
2259	952
730	1212
744	2013
1588	466
1828	2567
437	492
180	1429
740	875
268	320
2337	753
1671	1746
1180	1141
1212	1535
522	2768
524	2577
982	1466
272	2657
692	9
329	287
2211	2382
1442	2558
2193	2584
2431	2025
2460	620
1850	954
2221	597
2049	101
238	2444
2695	1201
727	1923
1009	716
1743	778
1492	2152
1480	1753
1652	1177
214	1925
1721	1252
196	782
2501	707
442	1395
740	837
1184	2753
138	1846
154	1726
551	1493
1354	65
2513	2451
1644	795
1889	1858
839	1507
236	202
36	2742
1065	2766
2482	1898
1770	491
907	890
892	330
163	2039
742	2702
1982	2766
1921	412
643	2106
98	2488
837	645
725	2619
546	1655
1810	1466
280	772
888	2116
1329	2448
1666	586
718	2434
2670	904
2119	1250
139	2270
1452	1150
819	2140
2201	2197
1538	218
180	896
2055	2453
2478	1963
1619	1154
1292	1971
524	2203
672	1066
2390	715
2663	2100
664	2275
403	729
156	2690
2369	286
1619	1170
2591	689
250	898
1727	1017
587	1438
1523	1495
1875	416
1822	325
523	2544
765	1502
371	13
150	57
765	151
2069	693
847	2566
378	706
1540	2278
785	1463
648	862
174	2524
730	1586
1533	983
1476	1683
1759	1523
1554	2590
790	1320
526	2088
875	2624
740	560
2131	580
1813	2425
1656	1273
1841	2551
2573	2122
526	933
634	2035
967	2222
1294	1403
1295	1846
163	1632
1839	378
602	2565
487	1716
1541	705
180	2141
624	1156
681	77
720	1697
2349	746
293	926
2373	1927
1345	762
2623	1615
2431	2074
2156	1327
255	740
1490	2413
2119	76
648	1649
847	925
1378	1068
1167	281
839	358
1052	622
1955	1799
1369	2210
727	1038
1610	1035
2270	1325
742	1980
2384	1934
1534	2266
969	2215
297	1467
969	801
234	1872
311	727
980	1502
523	451
949	940
360	794
888	1641
29	812
2123	2647
176	517
178	1811
1648	2020
1339	2548
2452	158
2051	1345
854	1652
1151	525
218	2021
1724	2420
1549	1511
247	1910
2201	308
56	2114
686	2790
2609	784
485	223
181	1270
62	1307
1056	2451
601	1793
1707	2371
229	2212
2762	1273
15	2554
1982	1342
66	2724
1152	825
2408	1282
273	1317
2748	995
1805	2081
2573	2685
2367	797
451	454
243	911
178	2705
1286	242
1158	864
2671	1843
1241	1484
761	1196
1713	2010
677	2452
2545	1114
15	601
2083	1883
453	2386
187	632
602	1557
2656	1575
1962	2302
218	2273
1593	1639
214	2138
671	656
1355	2560
1806	464
2681	253
674	156
2308	1377
349	1748
1874	969
1676	634
2506	2739
2314	144
1618	2530
1408	1888
1270	821
1540	2081
886	1205
1309	1173
357	2337
1727	446
2670	2691
183	869
2667	68
819	2153
2281	1248
850	1892
2454	2369
26	1613
105	2087
2384	266
2683	2785
743	2092
1810	80
360	2224
1143	2252
207	474
1480	55
1886	1522
191	793
1102	2347
268	1967
860	2618
187	2037
610	548
216	568
1080	160
345	127
1839	1177
742	1052
290	938
2431	2617
1017	129
1022	1234
1800	2669
191	1084
254	1484
730	2261
2015	1166
1891	851
2024	338
1141	2101
210	2031
2644	1481
1495	1879
1388	1879
2630	334
1576	2679
2523	346
2456	630
1008	1804
1728	188
1794	1929
1442	2332
1355	1998
391	1611
2201	2127
897	1559
897	314
1973	1069
2167	1492
2138	610
401	272
2514	2084
1620	442
6	325
1563	659
1059	2038
1958	1743
757	2123
662	270
188	2666
866	1351
949	1873
523	2621
2373	1551
1566	2496
126	2144
2398	2694
1955	750
1082	2108
928	1881
1739	1040
2487	1423
2159	2198
1533	338
1113	1731
523	2520
748	1707
2431	1677
677	2077
1001	721
188	186
1815	485
1468	1055
2431	1550
1365	581
742	1966
2439	2601
325	921
1509	1304
742	2275
1730	1035
282	1330
932	60
2205	2131
2095	2129
2450	120
2792	486
890	2153
724	1118
1203	1802
1078	2515
333	2399
1424	1488
1631	1026
2038	104
2024	1148
2402	1644
2755	2446
1540	575
749	931
2787	2232
1966	1495
230	801
437	370
368	952
674	698
1687	251
150	1066
897	333
886	2571
1698	2378
448	2755
869	801
2383	1265
1743	1224
959	2703
2172	193
388	463
907	2008
481	1196
1638	836
1654	1481
2141	2308
167	2138
1874	166
2489	1031
523	1981
88	2647
1857	2062
136	1346
742	2457
1495	562
1856	1199
1707	1818
2460	2330
49	1309
742	334
742	48
191	1859
2589	1347
453	211
897	2722
569	45
956	2226
701	847
1702	1245
1262	3
539	1937
2038	2263
472	2612
2184	1052
351	619
1074	749
506	530
1309	605
1268	762
214	326
2449	1689
1192	2221
1556	2240
189	2449
194	1859
1067	2705
1295	805
952	867
1681	1746
507	264
1656	1936
1618	88
800	721
2201	2562
648	2744
451	532
1045	175
1372	1374
5	2260
1066	374
272	623
39	2237
2128	1740
218	2358
1941	1824
1926	286
2623	2412
2321	289
249	1288
665	2278
1533	667
791	318
727	2608
2308	993
1293	1856
125	1635
2531	1879
1886	1321
1901	1276
793	1475
495	1914
1533	1299
1403	165
523	1497
813	61
200	2561
2460	468
2023	815
200	60
105	1017
1065	386
1005	915
1212	1238
2026	1951
917	1901
1109	2455
221	2101
1241	2221
1496	157
1441	1585
1295	1220
1059	2135
451	2614
1355	1745
2408	2714
357	1073
1848	951
476	2159
1874	1810
2443	2183
1613	2786
939	825
1349	2583
1627	2657
105	368
791	1569
1487	2700
2285	624
2184	2724
677	2691
2083	184
272	1468
526	968
38	860
368	2043
2233	1651
2720	602
187	665
880	230
1485	2008
2351	1732
1521	1034
636	872
2748	2290
1899	1465
1696	604
791	1633
437	599
524	651
2220	2791
1055	717
2201	1547
2016	1647
594	2304
2782	1279
745	1356
1471	1770
1179	2255
1059	2583
1001	1174
645	189
615	2347
2201	388
167	891
1794	2537
742	1564
993	45
98	2633
1479	2397
2491	1122
2437	1749
1810	1145
1982	151
278	1822
537	2198
273	1110
52	1648
524	1107
2184	239
1515	2536
917	32
742	963
742	2522
314	2302
448	850
1687	1266
1015	10
187	2514
851	247
1200	1024
429	118
1325	2126
2024	2089
78	711
213	1567
939	2333
2684	1511
835	210
2077	2355
2024	405
913	1492
1927	564
30	2127
1011	999
2244	2046
127	2613
2052	708
665	988
2538	658
2221	2491
742	263
819	527
2202	56
1005	877
540	2426
2510	2496
2755	2542
1046	1934
854	1774
179	1155
2670	1775
1082	205
2182	1320
1644	1613
686	1374
2141	1877
121	964
55	2648
449	2298
111	1616
2567	1362
322	1394
2104	2153
263	1764
1817	1991
1866	336
2461	1987
2091	12
254	559
254	2224
1296	779
2055	2558
1126	2534
897	432
1417	1930
2037	355
2108	377
1176	1480
2506	1479
2082	2620
2562	97
1549	1522
1955	2284
1795	1871
818	2525
652	1193
784	2193
487	2220
2491	269
2373	508
1200	1153
1685	1806
2384	1072
1427	1667
714	861
2384	721
453	1959
614	1435
1911	172
724	2259
1442	2136
944	2247
2201	2330
742	1271
528	656
2272	1886
1485	859
1059	186
602	2004
761	926
1025	327
2583	2204
526	975
1388	782
1088	1170
338	2741
487	2023
742	2565
829	946
949	2758
1159	2091
122	407
742	1
505	1430
426	792
890	958
1145	1555
2609	2525
391	521
2650	1804
357	2532
470	378
1275	81
2605	1253
1670	758
2351	1055
1763	1830
597	1652
748	2530
360	307
677	2643
2384	1645
1010	2306
133	184
2351	396
533	1177
2667	1512
180	2319
740	338
894	1099
1971	1442
2360	2117
1043	931
645	2579
740	1899
687	2218
1549	1814
1025	2558
1837	1550
2630	2673
1903	1145
2389	2285
1039	2492
742	650
1240	688
1655	2638
462	1132
328	246
1164	1970
56	95
1065	174
2401	2031
237	1222
582	742
145	50
628	2608
1775	628
1129	1388
2670	1548
740	2150
813	600
1699	316
332	1518
742	1693
968	1366
463	1096
377	655
2617	2297
2416	1275
1822	2207
2254	1216
461	304
475	749
776	416
578	2711
1844	2792
2201	2638
953	2268
163	672
742	710
1295	1635
724	461
2333	880
449	272
1698	1899
740	652
740	1494
701	935
2201	1326
949	2061
1000	1407
1533	1613
602	139
272	1179
869	121
2573	515
1071	1367
142	2065
2132	2097
742	1508
2467	1351
580	2275
2119	611
1881	965
1702	59
1295	1091
34	1945
193	993
2088	545
1947	1265
885	1986
648	2509
1629	1670
363	175
2609	2543
569	2631
1974	1360
1349	1938
569	158
733	2266
2615	1020
2585	758
2667	2111
1297	1640
1861	908
1712	839
523	205
180	1891
2748	1430
2478	1401
523	215
1446	1898
2281	2771
1635	2215
857	2516
742	1814
897	2032
278	1487
887	612
799	2729
1733	488
1795	189
1839	2361
1419	2667
1372	2158
132	2786
2673	2502
546	1811
1121	916
2026	1005
1649	1930
676	777
969	2031
1811	2263
562	2370
2611	1984
724	1643
1529	399
1916	1577
1402	770
12	1673
996	2302
589	1636
198	2198
740	246
886	2092
314	2006
1203	1732
368	1048
1152	2435
2413	722
1180	1774
523	1863
2294	2480
1670	626
125	2165
1982	2638
191	1377
119	1742
534	1758
2281	2564
1540	2386
907	2586
791	1257
2016	1322
1290	2045
368	809
2585	1823
523	991
2402	1926
1062	2319
1172	1613
1680	517
1933	895
2031	254
1566	1446
569	874
212	2261
2241	1327
897	2014
69	404
1534	2598
1048	1765
2684	2343
645	1080
10	1377
1532	946
1048	790
2037	2554
1423	1225
2468	1515
742	1670
2724	77
1000	1361
174	1389
2506	739
2551	1672
193	2628
2641	13
114	2007
1336	2480
2201	1939
214	80
2221	488
1373	814
768	2598
278	1794
1857	1489
883	502
1365	2036
163	2373
2691	248
761	713
1993	121
824	554
1641	1349
812	629
2024	1778
2478	1800
523	2683
78	1320
2172	1672
805	1967
2374	229
812	1525
1295	1389
2452	1390
1724	1978
2128	1109
742	1009
953	872
724	2012
278	622
1301	1229
2201	2776
1439	486
1724	785
2603	2713
1203	970
1648	1798
842	708
1942	936
1162	2010
514	1590
589	2080
886	109
742	1242
896	229
2747	1537
2437	2299
789	1216
1829	668
40	2775
742	722
1573	1584
1158	2553
602	1052
2443	2547
1982	1475
269	1470
1510	956
885	929
1172	1171
907	2466
1032	1037
645	2295
174	504
1346	805
2221	1343
2724	20
1430	2016
60	316
742	1924
943	649
1703	2691
632	1549
2383	284
2024	1400
1215	484
1934	1226
1997	1165
368	1254
1177	2773
2351	387
250	1796
858	2667
1516	958
1921	828
724	76
289	540
2417	2278
1407	1793
1132	2364
721	2791
1200	346
742	2482
742	365
2220	1055
1199	1036
2288	1866
1902	362
2443	1985
720	1129
1631	1141
1295	601
980	2420
1062	699
2435	2519
1295	2432
1241	629
742	1207
95	2759
2456	1805
562	2118
1191	1404
2361	402
1297	2365
2373	951
1173	568
98	998
59	161
2573	1651
1752	957
125	2773
1130	967
362	1900
2383	1930
507	2773
742	922
1534	702
2568	1950
748	709
2431	528
138	124
2777	1137
540	1071
1549	2379
453	2666
526	626
1949	107
1824	590
907	120
1065	405
851	1521
990	2105
2567	2791
1005	2239
897	591
2456	809
1543	1478
1089	1452
2487	1782
2038	2566
2681	2620
2384	1417
764	261
451	1834
1681	2733
1145	1878
101	1262
378	1218
548	656
1502	2086
78	1163
453	2191
378	1600
1001	1568
2461	2370
2373	2368
1733	2260
1053	31
2435	414
564	2652
1325	1345
2184	762
1487	1196
834	1448
2670	2318
927	1950
218	1500
724	1872
565	1838
1444	1586
2091	677
2125	1957
981	2671
539	111
2016	1841
1396	2633
1292	2714
2070	887
953	2337
2584	2136
2640	179
742	15
5	107
2506	1923
1215	2092
2431	1896
737	186
540	1354
1145	1517
2336	1438
2573	2629
228	1772
778	347
897	736
1763	1508
356	845
645	2548
2670	393
2707	1802
938	837
1540	1014
742	2773
1005	793
1817	1938
1541	1385
767	1473
191	898
724	1559
1150	936
2201	189
2767	332
2374	1734
1656	2647
1372	1281
1813	2045
792	577
1360	54
114	663
1114	2441
1894	1617
742	1117
724	1843
1942	1356
127	650
1185	585
2585	999
874	344
138	2142
913	2199
1631	312
48	2139
2416	1744
812	604
1570	1172
812	683
523	497
1966	2680
1200	787
753	913
78	1775
618	1860
449	1477
1295	766
1059	266
742	2698
1948	1826
343	1413
1540	2672
742	2081
485	1036
1270	1041
555	1645
2208	205
677	1694
1799	1180
226	433
1839	1279
886	368
2787	1330
2035	467
2015	2730
2221	1143
1003	1541
1615	1862
1727	2635
487	501
2349	1853
1436	1859
1280	181
1707	1944
724	905
1836	968
2468	2789
2478	1361
800	158
2215	654
381	821
2695	2596
1292	2256
2585	648
2755	846
1423	307
2167	1500
371	1039
88	673
563	2366
257	2710
618	346
707	1934
414	378
111	1272
764	371
236	2507
643	468
1795	954
1223	620
2315	44
1656	1689
2433	2074
1930	579
1297	1987
1733	1189
1336	678
1722	2293
2317	2020
886	2128
1001	1220
663	1689
960	150
468	2559
2070	2571
1468	1139
1506	340
1702	1563
548	408
191	10
960	1330
740	901
665	1164
280	1455
1870	1064
174	1240
325	1488
2119	2151
216	2596
215	471
34	2344
1408	1909
897	987
98	1633
1707	1659
742	1685
460	661
1140	729
1373	2793
360	2107
717	2441
654	1480
2431	863
2006	1218
2585	58
2422	1226
720	46
396	1020
743	1482
1065	1110
526	529
732	2245
1349	728
251	946
609	2632
847	811
1442	465
2461	2350
418	310
524	2295
1759	1116
1082	691
2200	40
2557	591
1295	782
103	2464
507	1888
2337	1459
867	561
1295	423
1982	1960
2370	999
1921	472
2091	831
1433	366
2579	1429
370	2727
748	50
734	832
643	1344
408	2114
78	450
1348	2644
1000	638
1682	1046
1286	2052
1292	1561
359	2739
1460	852
1437	1555
790	237
1082	2781
184	2677
953	1007
2131	408
105	170
535	1234
283	1230
2149	180
1956	1049
2397	127
1008	2508
1982	2540
2312	2349
2447	2508
780	1206
2416	1014
314	328
745	1946
954	778
272	478
1687	2783
167	2526
1059	558
597	1304
2383	1566
860	758
1117	1596
2567	654
2221	219
2450	1903
2670	905
2622	1983
1608	966
1541	1189
1314	2495
1721	886
2703	2325
1546	2384
912	2759
2221	2409
111	2567
780	1193
1480	2140
1436	661
748	2609
2647	388
1125	2233
551	478
1413	2251
819	1885
1540	1639
1635	1973
819	83
602	200
1251	131
645	1018
1324	1280
402	292
278	110
546	2009
254	2272
1104	776
1785	1761
82	2539
1624	958
1270	1725
1341	2159
1000	376
1670	1918
1082	297
547	391
636	1613
810	2146
63	1836
2626	2367
2037	1996
339	1379
1680	2500
2478	2461
1724	1571
742	842
1138	1656
2536	2086
6	85
1346	2329
1048	1586
2581	1624
2062	1429
1072	425
1062	2045
724	2259
602	1474
939	2640
742	1587
1118	1723
1770	1267
2705	2284
860	1504
2055	531
12	2710
19	2545
338	1947
523	2017
952	155
1167	2784
236	2070
953	2523
1824	608
953	1083
2190	2681
1728	1184
645	716
212	2205
225	1453
1504	218
1956	986
2413	2298
1325	112
2487	472
2374	2392
897	822
2330	1716
1065	600
2069	2684
2113	289
2416	2309
2626	741
734	116
2347	594
1309	267
228	1980
1185	1977
617	2576
2221	1250
272	149
138	1142
2510	2150
961	2141
727	1644
449	2713
1297	2539
742	1588
1810	2043
2119	1078
183	2719
2351	431
1776	1128
665	2707
657	2716
2291	1713
2510	2679
826	82
614	2354
2175	570
1555	2069
2719	1895
742	261
2398	1904
2151	2186
2373	1956
648	1512
1444	2622
676	2441
1533	2309
451	1982
1533	2597
526	202
730	1675
2697	2788
1011	1611
742	502
1051	2100
1839	1672
742	2377
121	354
955	1623
2175	1317
1614	1661
101	1176
2196	1612
724	1670
1297	2111
1297	1043
1296	216
1928	825
727	1273
732	2554
1785	1630
2024	2250
381	2117
1295	900
780	2140
1292	590
2169	350
1349	2557
262	932
791	1108
77	1676
2313	1171
2487	608
2667	2250
397	810
370	1103
2683	441
2175	66
698	1276
138	2148
730	496
671	2123
1924	2306
2436	1395
2269	918
1470	2673
2705	1547
648	1178
325	1970
2343	250
327	2183
156	1005
30	899
2585	1068
2645	352
2370	2356
2373	2244
1799	1937
663	863
2337	1828
371	366
1911	762
932	2092
1888	802
114	2050
742	347
2051	1896
1733	1661
1759	257
225	2448
2016	2153
919	2438
112	2233
1459	2258
1860	2058
2737	1571
742	1393
1533	2411
1828	1820
1368	1422
1325	1241
2140	997
660	305
257	939
742	2694
1095	234
724	360
134	1811
62	2191
824	2368
955	1851
866	2606
1378	691
414	2170
373	227
2006	2499
176	1139
645	620
2099	2657
2184	2657
1203	945
2384	1656
1166	1844
259	2339
214	838
1987	2023
1716	2016
386	1941
1572	1509
360	1939
2654	344
2281	71
503	367
748	1262
2089	854
2351	1851
1929	2478
1920	2115
1623	1002
2016	884
2141	955
1670	891
602	34
217	732
506	2240
742	1238
776	1340
2016	2057
191	2129
1666	1845
854	1350
225	950
1603	2659
594	2146
1334	846
443	2216
1565	623
1546	911
665	2461
487	1962
1413	268
114	1039
2383	288
214	458
727	1917
1121	1323
764	284
504	449
78	1918
602	1131
448	92
1627	2747
2207	2299
2281	654
2594	712
671	1790
2146	1794
732	2383
2038	1537
2431	266
768	488
52	860
338	1896
701	569
2700	2620
684	1302
1167	553
1724	21
89	1277
826	1298
953	1678
897	124
437	801
748	2638
2146	2171
78	568
98	2708
218	2569
1927	588
1555	22
748	2786
695	816
2623	840
2431	2254
2043	1790
903	456
2673	1592
1685	899
2670	1997
1311	429
2505	455
2555	1428
526	2079
2060	2241
1839	2723
1365	831
1983	1487
1860	1022
2427	2390
293	455
2091	70
2609	1043
1063	1760
1812	182
2556	2637
2585	2353
142	823
2691	2418
191	2362
236	420
2119	2782
2373	1811
236	1560
1877	2621
1067	2728
2042	1754
187	1442
2456	1691
278	478
2317	334
1444	959
2586	748
523	750
1108	428
2637	387
2723	1859
2591	51
1822	2064
1988	796
953	2701
662	2250
897	360
953	2382
1687	738
1774	251
2016	371
1191	470
1878	1387
2536	27
715	1997
2487	440
2361	510
378	1462
621	136
1494	2596
1000	2751
1743	2659
482	1285
1946	2488
408	2088
2665	574
117	495
1292	1636
236	2452
358	634
724	2119
523	450
1813	1750
1018	2287
523	2054
487	2344
66	2233
2585	976
2148	1339
236	638
1167	498
2343	101
278	1159
2438	124
748	2537
1766	1378
869	1040
1982	1564
523	2446
1850	2120
742	788
2360	1988
1586	629
619	497
462	1241
897	4
19	1801
1859	1614
1241	446
1999	2062
2330	1788
785	109
1566	1477
1211	1825
183	2201
548	377
70	1427
386	634
997	635
724	1508
439	727
1670	2527
1198	745
1533	372
278	899
885	2055
1487	2619
618	691
780	2136
885	2413
191	1305
278	1580
1743	2348
2201	1509
2611	339
2524	32
2314	155
1541	1416
1901	395
730	2257
1295	1597
839	1526
451	2554
724	126
1446	1125
2051	1898
115	1631
1082	2299
273	2021
2516	263
1991	74
114	1161
2692	14
1929	2219
1963	1543
969	1154
2024	1815
447	1686
2131	1524
2536	400
1603	2319
2739	1954
1442	229
1759	1988
1724	290
28	173
1248	2567
368	1910
819	1767
860	1689
1870	873
723	1496
949	1600
1200	1237
546	2599
742	801
1910	1972
1076	2273
174	1894
2550	1924
1250	353
613	2092
146	1880
1444	1996
2373	2626
180	648
1105	1535
137	1294
953	689
537	489
1172	1416
1495	826
98	1525
1455	2429
1143	1636
2184	1748
462	783
1759	1571
2456	730
1897	2176
833	1257
592	1284
677	1273
742	1846
15	2120
1282	2645
629	2612
60	1077
414	866
742	341
230	2769
1000	579
2373	1155
1702	924
1662	206
953	754
769	1569
378	1581
1167	2056
2015	2113
1329	1269
1991	485
177	2620
860	350
1313	1400
98	1012
1025	1545
953	1512
1145	417
2732	1749
2528	710
1501	830
1495	885
177	1885
1538	1906
540	2726
742	1241
2118	667
370	1377
2536	222
2361	1525
1252	2791
1059	1750
254	618
1358	9
470	656
2431	1324
2141	499
378	208
2525	1364
1954	1445
914	670
2119	59
1993	1432
645	2132
953	594
1065	2594
2146	2701
1756	674
745	551
1707	2111
69	1763
2673	2360
2667	729
1759	703
1492	1756
1507	467
2026	303
12	2270
1822	252
1169	948
1233	73
547	340
494	1438
809	1212
179	316
956	1819
201	1071
665	2030
2748	831
2556	628
1664	752
1339	1677
724	1916
378	431
1598	1197
1452	2130
358	1746
391	1658
2556	228
724	1636
632	1497
470	735
463	2437
1623	2775
812	447
892	121
648	1270
2154	124
443	2394
1885	521
2141	2033
1268	955
2317	1944
114	2782
1132	2615
2431	384
2417	1669
2499	2206
311	980
1665	1377
648	2204
19	1197
112	1288
528	639
2403	13
2334	2393
188	2082
1360	673
237	2735
740	192
2609	2519
730	2288
5	62
94	1669
740	1133
368	1564
2755	1845
322	2599
2305	1579
1848	1685
1680	652
1192	2366
2585	1064
2201	15
2334	1977
885	156
2276	1047
2461	1477
66	45
1716	2009
2141	1076
742	1319
2119	2293
2697	1742
2016	1463
1325	1704
838	2054
211	205
1408	1196
2585	769
742	2643
2167	670
