720	539
1755	406
2330	2312
1670	1126
1001	2342
886	192
2184	2110
548	326
1295	2319
1523	742
2373	1485
541	90
188	1169
544	2500
2750	1331
2294	1071
27	771
887	179
645	1203
1308	742
500	858
2242	493
742	428
2585	1039
1610	1868
995	2045
2012	2703
2667	93
2262	573
641	1860
218	339
2454	1324
180	594
701	78
614	1599
1533	1444
2525	2791
913	548
742	2511
206	1615
742	372
437	795
1200	1662
187	1605
451	546
771	207
1794	2468
123	1288
391	1415
1699	1222
2705	1010
272	2270
451	1169
1185	1864
819	1510
2443	693
2324	1258
2594	847
2356	2571
2281	1487
237	443
225	1680
1112	406
142	742
272	943
1794	189
1296	791
180	859
391	1265
2184	783
188	55
1687	665
833	440
701	216
2135	284
1622	2461
866	484
45	1817
1027	1661
742	829
812	2462
2012	1702
2489	833
2175	908
456	1689
2138	1860
25	522
2670	1541
724	2100
761	1860
577	1860
702	378
109	920
742	976
1955	883
88	1691
295	1584
1378	2456
646	29
1886	2672
1222	41
2024	199
214	1631
319	2112
742	1644
2491	1868
191	1568
1739	889
652	514
2324	2084
819	87
1877	1437
1984	523
44	385
717	1515
742	865
2094	2619
1839	2152
197	100
648	865
2373	2744
1044	465
2631	1332
1857	2177
1721	1283
112	1112
1297	1250
183	571
1023	149
2373	2442
2207	866
381	189
1695	742
724	1125
393	14
1495	412
523	1066
282	825
2416	252
447	2251
2201	1659
360	191
2271	1354
1025	648
1895	956
1263	2529
1527	1269
2429	1644
677	604
478	859
786	1279
2118	493
1025	339
645	122
1224	2787
2454	1546
1839	2087
453	917
2671	2370
2782	2584
591	529
170	1671
470	818
138	2707
1971	829
1057	354
2119	1365
1433	2617
1252	2706
1082	423
6	689
837	499
268	414
998	1236
952	905
2626	786
685	1595
2435	2004
351	1086
378	115
2342	2572
740	645
390	244
502	1117
16	1625
2535	653
953	1413
742	1022
1309	1475
2717	799
742	209
1295	565
575	1850
730	2747
676	905
724	313
191	1062
989	157
2384	2734
125	220
2205	334
1341	168
526	268
2709	196
1017	2007
943	824
391	1029
2671	1489
429	86
2585	1475
1457	292
645	378
1125	8
114	718
2349	1354
886	330
2585	1169
861	2468
163	370
1059	1172
2511	1314
960	2245
137	1887
2585	2012
748	825
1839	1049
2667	438
1929	1365
515	2703
18	205
304	2098
15	406
402	1967
2785	2438
886	613
1540	441
602	1006
144	1073
1053	1570
237	1733
730	646
2609	1093
1820	629
2413	2456
1297	213
761	441
742	2549
1540	2562
2663	2025
282	1370
748	1370
2167	1052
2038	1951
178	1527
272	2230
2383	1062
28	505
1894	2240
2119	2468
767	333
1540	2197
897	2012
225	791
1630	1291
2167	286
188	339
2510	1631
2663	250
1541	704
1199	1149
390	187
2582	2581
2478	1250
1151	549
765	569
777	1300
2487	242
1325	646
917	968
1501	329
2431	1702
2119	1832
1480	2408
671	236
2244	748
1687	462
77	534
1743	661
2520	1496
1160	2223
742	2271
1065	1297
278	2692
1211	1276
850	1582
2201	1862
95	1637
695	1330
1635	948
2411	808
1676	1432
443	1599
1295	1299
2343	1598
1372	1067
2042	1295
1897	1035
188	1733
702	414
1480	1579
1635	1740
809	1283
686	865
1535	2680
1239	2643
1082	2609
277	800
425	1794
645	1143
2586	36
907	1353
2351	1063
949	1955
1649	333
2667	2520
2506	2221
2761	400
1387	1360
303	542
1039	2435
935	246
913	545
791	591
980	2468
677	1169
451	2384
388	437
1018	1846
2478	2112
1377	733
732	2408
381	2119
470	847
2444	783
160	983
1857	2408
740	2431
1451	1934
952	1251
363	2648
873	906
907	1480
1579	1430
1433	2516
2536	2239
218	390
1715	742
949	1559
2782	1751
1001	2290
853	412
228	975
213	514
295	1472
1631	6
1875	1486
645	883
2201	2773
897	1030
755	1444
2091	1299
2141	2670
1609	1298
2506	278
1795	1863
2201	1171
2782	1697
2413	2454
1287	41
1115	826
231	1841
2167	2623
2281	2072
2015	1908
2384	341
1804	2338
59	539
546	742
2071	973
1285	648
199	2111
1249	2643
78	147
660	100
2633	686
437	145
594	2684
2352	1593
860	2047
193	942
374	291
2031	543
839	1164
362	1196
507	682
2673	1405
2585	1479
1140	1199
1785	1658
1997	655
2105	2667
2573	2071
231	2789
414	1400
818	2491
524	548
114	1479
1285	886
633	2302
780	2151
2456	2317
1336	924
866	637
702	2384
482	348
2236	806
2024	2708
1084	397
2226	949
19	1485
1672	2790
1519	483
423	461
523	2195
618	458
1759	2018
1631	414
2253	1433
1295	2380
2667	593
956	2111
2613	99
761	1960
1661	1360
423	166
1325	2122
461	329
764	1968
1111	2184
2620	278
2483	412
290	2674
327	830
2316	985
1045	133
1156	1097
916	2529
1631	1437
248	310
1586	47
1874	1370
360	2281
911	71
1348	519
652	502
2349	630
2147	2240
1870	181
1702	2704
451	1143
1857	333
1829	1644
2437	2447
2536	368
793	1917
278	1005
1451	2561
812	105
2119	2334
365	1723
953	391
2766	2065
1166	682
528	654
730	1487
2281	1468
2060	1041
2464	1364
268	156
813	1379
2478	1733
2510	2201
861	594
487	883
432	418
1184	1815
1532	468
2650	822
2201	2744
391	961
1140	108
826	2786
2030	57
791	1955
742	1436
1324	99
218	259
394	497
1158	156
745	199
2669	2072
2076	2057
78	847
188	1370
1065	939
953	1062
659	334
2482	2724
477	2047
1369	322
577	329
592	39
462	748
1354	1235
2213	416
2291	69
546	2657
214	443
1371	1415
889	2468
1702	2080
2314	1837
1783	2117
1080	459
1495	1817
945	105
2002	1860
441	207
2456	99
717	294
742	1838
2024	1372
883	2565
648	823
2491	1076
2619	2270
740	2184
1904	2628
742	605
2478	1488
236	1874
1464	135
2359	595
740	282
1126	325
34	887
625	1842
1794	314
1005	199
1199	964
646	1169
140	240
1580	1545
2325	2236
358	156
1223	2500
2383	2589
2361	2431
1140	2484
2670	2071
1494	1370
862	1379
218	1048
885	36
2256	2112
378	2667
2001	2295
757	1279
378	1117
523	700
2350	2790
928	818
570	1055
497	2642
2317	1509
278	1072
1129	568
2454	1245
947	520
1036	1918
1211	1092
1607	1064
702	2343
187	150
1053	2456
2667	538
2184	2258
188	275
278	251
724	2105
1079	2235
1065	2760
1939	2271
1003	1062
2673	1662
952	889
887	1416
1733	573
560	581
800	1058
278	1272
1249	783
2118	1326
886	54
381	1365
141	177
897	19
645	295
2342	2589
2670	2615
2536	423
1966	1991
1809	1481
212	1685
314	859
1094	2786
188	256
1127	1401
389	1880
298	976
1666	492
414	545
311	2188
1982	533
732	286
410	1792
126	284
883	514
472	623
953	791
858	870
2463	1423
990	2357
1982	1067
1617	483
34	155
2491	2456
1074	2216
2288	2028
153	267
546	1169
2085	910
2461	713
742	782
732	1295
268	1450
2384	1666
1930	1485
1476	1965
1823	2737
2281	2135
790	742
2748	2467
2473	2159
1713	1361
742	1608
1127	2266
1707	45
338	272
2496	13
2373	446
392	27
594	541
730	141
278	207
2351	1745
598	2157
2285	1462
897	221
835	2468
2038	2156
2478	2281
1861	752
1251	350
2585	2334
2201	36
1866	2647
724	947
724	1783
706	2263
993	2213
2370	1170
311	833
487	414
353	463
1295	779
1142	637
917	1198
744	206
67	862
740	110
2405	2720
1141	600
2383	1727
959	2565
2720	2757
886	2085
897	1064
1968	2237
338	1048
1877	1875
1120	2016
1206	1133
561	2105
145	2037
1759	1739
970	324
1535	1635
2381	2394
1964	1081
1733	1462
514	440
1046	2670
797	399
371	1114
1603	1295
66	835
1410	2539
272	791
1297	414
1495	2211
191	1349
1111	1169
225	1512
2436	2447
2663	1150
273	1465
2032	1818
1199	959
2792	2476
1299	1030
1200	78
2141	2031
268	1510
819	890
795	13
1540	537
351	1366
953	1345
742	2734
1177	911
2361	1927
15	2151
78	2487
2384	40
1804	2071
1702	2317
206	310
791	445
1670	2190
2536	34
1624	1272
1533	2356
381	2170
796	370
1199	2655
2691	1062
2257	645
1930	2176
371	1955
347	483
2485	1678
1295	769
1809	1860
1670	2315
180	541
1540	358
724	676
1234	2670
1495	2219
952	1270
2595	1789
2336	346
1555	2334
2119	2667
943	2565
2437	2753
725	205
93	508
1413	1941
2398	2478
1485	237
742	2170
1059	787
1246	624
1295	1462
753	216
1427	1129
2565	893
2129	1860
949	2172
1698	1430
742	2317
2477	2373
2400	1165
174	34
1928	1631
907	1169
911	2384
1535	1859
1680	2151
145	13
1135	2130
2100	113
2487	2670
366	1172
724	1733
1039	1814
1992	2501
943	2732
742	1171
854	1355
975	8
2111	2572
1670	2132
654	1892
1979	104
812	1451
282	304
2119	1973
1333	611
1608	630
1794	1756
742	312
806	1710
2464	1733
2474	1962
378	1666
932	1843
2489	1733
1424	2699
1336	147
1485	1874
2506	780
1062	2494
597	2293
959	244
1234	1781
648	1169
241	1341
2760	2380
1392	2053
2196	1239
2167	883
2141	1018
569	2085
597	2190
2431	1713
742	1394
183	946
1495	1149
1929	861
1710	1643
1705	1332
907	1162
945	2139
2637	591
78	2744
1311	579
1857	2231
1561	20
1541	315
2623	2408
1241	765
1286	1039
1114	1733
1542	75
545	2657
1059	1048
932	1868
1200	2683
2042	2201
1116	1364
732	885
1392	2242
2373	2569
210	1169
1042	321
268	2777
222	1189
272	2667
1850	2685
1005	1646
2255	2260
2626	1163
1292	278
391	325
2146	1446
2027	1098
487	378
1151	1860
2463	973
2467	2743
381	2461
1895	12
415	333
2438	71
734	530
742	1437
2317	1601
118	163
786	1482
2438	6
2762	1908
361	382
724	93
2334	1578
177	782
2031	1957
1368	1972
1895	1590
2015	2520
435	1474
546	77
485	483
1390	1504
28	847
1631	1511
945	546
1533	1423
2667	2165
2748	257
188	594
1325	2589
1143	648
1648	1645
1059	1117
547	198
1287	759
1448	1621
2590	1018
1325	745
2415	2725
18	642
278	748
648	2441
184	1840
1225	557
125	242
36	302
643	2416
1614	894
2609	136
1346	47
1013	229
2021	791
1437	438
1114	1341
2691	2183
2695	2130
118	2491
2687	1962
19	2760
2077	999
2414	298
2748	2747
1519	622
479	1164
311	1733
1555	1794
2683	743
446	147
2723	1894
1895	2282
953	1114
2184	1857
1295	168
810	556
857	884
2747	2436
790	630
2373	1905
1510	1338
2373	1234
1027	2373
459	235
1184	1135
1608	847
885	757
1847	2670
2364	2503
935	2408
1982	102
1573	2242
1143	829
206	207
1532	2747
507	1914
1140	2385
325	2045
1177	1169
479	1617
285	868
523	632
2789	1841
2454	1702
810	1066
962	690
227	1666
2342	1957
1127	1674
809	2692
1608	649
2183	1274
732	36
1549	2027
487	172
742	637
1167	1619
1533	1712
2456	2431
2461	705
530	2030
880	464
2667	1395
2245	1702
1947	1393
885	1337
1610	370
2294	602
1011	1751
1059	1067
742	1039
702	459
621	2643
2748	2437
112	2137
2585	546
2384	414
2334	2565
1074	1019
647	1254
192	1066
2383	1051
1809	2167
1152	1501
2221	2091
37	766
142	2384
460	554
2016	1425
188	352
279	1514
1450	1560
742	185
740	278
2416	1917
801	150
1997	742
105	291
742	412
1169	1465
371	883
2751	1358
114	1152
2620	191
2599	2613
1112	580
1323	376
1152	2183
468	511
2004	2251
955	554
2609	727
2184	558
1666	1278
2431	2667
2523	22
1618	2460
907	885
618	1176
150	461
78	1375
1309	2546
2016	2211
282	903
391	949
2744	2286
1780	1968
791	150
1982	236
742	762
451	897
98	2247
742	1347
850	1420
1733	1934
1786	1692
605	38
360	78
1439	964
1116	2703
183	578
680	278
1666	1503
1809	520
1409	282
980	45
1848	1353
1062	1169
2573	2026
2374	1065
2683	616
2613	2219
1001	2790
742	646
777	536
451	1631
791	1579
1163	2247
742	2692
2632	2096
869	1468
2384	1487
1452	1282
1315	770
724	883
1293	2106
119	405
1001	414
1009	2165
470	260
2152	2455
2016	349
780	694
1211	642
953	969
525	931
2381	290
2373	2520
1540	2705
1065	825
214	1295
378	168
1355	232
1142	600
325	1336
2012	2342
1702	870
124	2521
594	295
141	2417
1448	2091
2603	2475
2373	1601
1687	492
742	182
2284	687
2456	502
2616	2553
458	524
1966	2145
2091	199
763	944
2768	2629
1323	2520
1286	423
2200	719
742	1395
886	1860
526	2667
740	724
1759	62
2077	2407
1000	793
122	523
742	1345
897	757
2349	2153
1782	1795
1008	189
423	903
645	1046
30	745
1325	1671
2152	1577
648	378
1309	1488
1713	1904
1399	1733
1517	1612
524	438
214	1733
1372	1982
2416	2203
2355	62
742	110
2355	1272
438	1812
2184	106
216	2657
1713	1282
30	2146
797	140
1663	137
648	686
192	1122
1065	1117
982	245
2739	1659
1200	1540
2435	1713
2413	2172
223	2627
2431	2305
2351	1116
339	443
2038	2402
2038	1462
953	2778
232	493
717	2760
2431	1707
2167	168
2283	1604
1743	2091
1541	2758
391	1159
1413	2051
2691	2375
1266	690
1001	546
985	291
1309	2670
552	1860
2478	2031
1378	2431
695	1164
34	755
191	939
1133	1424
724	438
913	53
251	1117
1233	852
742	265
391	1733
1836	44
1159	949
2146	1153
2313	2718
2105	2026
2664	2150
2556	533
278	1955
2439	783
2346	817
1256	556
1485	1255
793	1916
1114	829
365	584
2623	2368
2677	2472
236	1591
1065	2565
2207	45
1378	2471
730	19
2201	2040
1295	991
438	959
776	630
2724	919
1001	897
1598	1465
216	2734
1670	225
316	1227
505	1450
1666	304
1672	1231
1401	1209
742	861
911	2201
1292	1824
199	682
602	1733
2683	244
985	742
2667	441
412	568
2025	426
1355	1964
907	1027
1875	2282
851	1353
711	2549
2033	1204
1293	121
2450	2072
2585	2165
708	705
487	742
130	1525
1172	1666
897	918
2108	32
1074	859
1968	2270
67	286
2539	1962
423	1088
2623	2047
968	1198
1627	1608
2755	2436
1042	547
1292	24
44	314
2017	1881
1425	1860
641	520
1940	2601
1670	2119
1114	127
2753	2440
1146	863
2693	1860
470	370
660	2415
1145	1311
549	358
351	438
1365	1902
187	152
1540	68
2724	2742
257	1196
431	1109
1346	2441
1855	2134
2585	2282
724	959
2585	2045
548	93
761	1017
897	2589
724	813
669	1854
2324	167
2016	2431
391	309
218	1059
1727	502
217	887
1325	2012
221	71
1450	514
548	757
2720	119
1648	1521
2436	2440
561	2384
1286	1169
114	838
44	1487
2026	1793
332	310
2349	1726
1930	413
690	1162
150	1459
794	2252
447	955
1813	1164
727	216
193	2132
351	1679
1607	1351
1065	147
338	1172
2573	2281
2383	2477
584	1860
2433	1804
742	572
2221	1743
643	939
2413	2487
216	2667
1085	1468
724	2052
1065	1059
1065	126
1541	568
639	131
198	367
2384	2667
2673	2762
2116	314
2266	1674
1624	2355
677	601
2016	1533
953	530
968	2612
2201	2285
1647	2006
960	2095
648	1691
2384	727
913	648
2202	1785
231	2347
2012	800
2024	163
724	924
1627	2607
2739	123
78	745
677	1480
1152	416
724	520
78	959
1040	249
742	1193
438	2157
1650	2067
875	877
1053	1571
742	82
742	1707
528	1580
2501	97
1384	1625
2464	1116
2024	304
2673	2280
193	469
1940	1031
648	591
99	2003
1065	778
1264	866
262	2235
1425	515
2119	1151
1082	2317
260	233
36	630
586	1072
44	1584
249	1980
743	205
1690	48
2291	2615
742	1713
1095	512
405	404
19	294
2231	1100
831	1333
360	199
1140	682
880	1708
1307	168
769	314
1282	1817
618	1024
956	1209
2466	354
2416	2201
1001	2282
975	705
163	78
2443	1843
2090	748
23	100
2244	2016
174	461
524	1117
801	313
575	2196
724	727
2184	1010
907	779
2609	423
724	2286
1479	162
691	668
2159	1111
1906	2072
1200	791
1390	2548
591	205
2391	703
1198	492
2091	1268
295	314
1713	2483
1971	162
724	943
768	1287
2667	2589
865	1691
685	775
645	558
1285	55
174	949
405	596
1025	2387
2437	2467
764	214
866	2431
1367	2397
1927	2456
339	1169
237	630
539	1437
1141	742
633	1402
742	479
2669	2047
2613	2265
2176	1414
2679	808
2487	302
897	1437
749	1015
839	1022
1532	1795
1974	2420
1184	553
1042	949
546	1295
1003	1169
1372	105
772	37
1251	1335
581	383
812	1398
539	164
333	2056
1059	739
169	233
742	648
1291	1756
1215	1317
2632	1790
978	1124
187	329
953	147
919	542
645	607
105	423
2259	1364
291	1725
1142	742
1082	2334
535	800
1676	1639
835	2653
380	40
447	1005
1520	861
1325	2517
1302	2421
2042	2331
2204	891
742	2236
290	874
1218	988
63	452
1315	1178
1341	551
2349	246
724	113
1233	67
1510	156
860	1691
17	389
953	2411
2337	851
2281	2670
2467	1095
1437	930
453	1059
2184	2551
2407	2613
833	514
740	593
2550	2421
2383	658
979	2053
742	1236
742	1730
2069	2480
310	412
717	433
2161	205
314	168
1532	1487
1670	2045
2661	1580
319	3
697	197
186	443
1554	1789
724	371
1612	1897
1541	1064
66	696
1577	1654
2747	2655
1463	2737
526	1297
221	1316
2184	134
886	105
2674	1662
1143	1642
1713	1237
2170	2084
414	443
559	12
1773	266
947	593
1876	1565
2711	2099
1930	1487
2418	2340
2184	2744
897	328
1759	79
546	664
105	313
1908	1526
237	1908
1800	2434
333	473
1882	499
742	1425
453	1815
717	335
1780	2649
447	124
1062	1487
460	1411
422	998
1743	2609
78	1039
911	2300
2128	1269
1733	242
2478	2342
2670	1302
2255	1261
1112	1360
757	1860
2201	2752
2755	2670
2351	2165
414	156
502	2162
1115	2487
1523	959
2201	1473
393	311
2739	2237
1714	1976
742	1706
621	196
546	828
306	1768
2437	2747
740	442
2108	2297
1142	82
92	224
1971	671
2347	1841
1311	781
112	242
1582	1420
953	507
180	66
2314	2545
2201	199
296	2431
2212	1284
2456	1838
1712	1409
1745	2535
191	745
618	665
869	2505
437	344
415	1795
485	800
78	1360
635	536
12	2282
306	435
749	2432
150	291
2747	1961
338	1666
780	2108
938	1887
1568	580
1820	949
191	1333
1610	1117
284	2177
2506	451
357	724
272	745
851	1480
2052	1457
575	694
2437	2440
1062	1671
2091	2691
1642	1201
2431	99
1813	1251
1813	350
1656	1350
1325	817
1626	2645
645	790
1705	2631
742	2652
624	1254
717	2655
1886	1338
1248	1881
170	1042
740	2478
299	104
2741	289
1751	1871
442	2396
776	536
774	2597
905	958
357	634
178	976
2623	1257
360	742
2213	1385
176	303
1733	1311
618	1581
2383	1133
523	141
901	1168
1026	660
517	1350
1733	1710
682	1375
1955	1169
1794	2195
105	533
1527	1382
1001	1733
1051	414
969	533
384	2392
1065	870
2669	1295
1095	1961
546	2105
1880	2115
278	122
2591	2670
163	459
1977	2332
2225	1788
2495	278
2456	2599
2361	200
702	780
1976	417
2317	2578
78	1451
2205	659
791	679
278	911
2373	1895
1140	102
28	1413
730	257
1670	924
228	1211
2334	1908
748	304
272	1711
546	548
214	2662
1214	408
1200	41
2460	2170
742	905
470	980
907	1468
1000	2789
1680	1490
1946	2717
1606	1043
1378	1540
839	2101
2402	2595
191	1480
720	2162
2119	1707
2673	1865
78	1095
1378	2012
1519	347
1519	1251
2305	826
486	363
658	1860
1273	1778
365	473
1095	2745
1013	1211
742	244
501	1590
671	1634
2112	2786
2036	1224
265	1140
1904	2265
1982	572
569	1487
1722	1011
2361	1122
2070	1507
1762	742
1325	1983
841	2589
236	21
341	1169
814	416
2711	2106
1127	1209
850	1121
897	1200
73	199
2431	12
441	656
900	1171
575	1769
2016	1874
677	702
2683	1052
1670	1912
1295	2546
839	483
913	546
911	310
886	1715
98	2553
885	2408
2478	126
537	11
913	587
1785	1331
1549	493
2663	1936
670	2132
95	1880
888	949
1309	1169
732	225
1495	2431
272	1067
389	369
1047	486
1126	1159
2186	1183
602	195
319	1181
1743	2016
1408	2222
2585	376
2190	2572
1982	1169
1383	620
218	422
254	1236
1295	1633
2384	78
582	492
1074	599
191	2091
1495	874
2373	1733
2096	1985
2413	1702
1292	883
618	587
927	1673
1337	31
191	1874
2585	2403
1706	365
1378	78
2201	1047
671	838
191	422
30	1062
1670	50
660	1584
1745	24
2691	2184
2078	2082
2167	2148
2443	360
1280	1008
1933	1251
953	2184
2478	1468
202	2460
2748	2755
193	437
2673	290
2499	1444
785	370
1997	939
34	1416
1532	2755
1360	2549
1662	2280
1927	1904
2747	257
1863	1630
618	1028
17	993
214	1886
319	1540
105	1982
826	817
191	1360
742	1168
218	282
2	406
1888	2787
1702	1890
1065	1341
730	717
894	179
2267	2345
2201	395
485	676
2016	2565
1292	1928
720	1159
907	2145
2478	2045
2361	742
2545	2476
1959	2243
1292	602
236	179
358	514
654	1393
2586	2408
869	1062
969	46
1930	1532
1901	112
78	2441
1142	980
523	2705
2170	800
213	2667
2688	1886
272	1558
1702	2265
1895	507
229	920
994	696
462	370
1652	438
1670	2773
2396	973
1329	1458
949	2628
216	463
885	743
1140	934
163	1067
897	251
470	2201
282	24
1828	579
482	813
1809	947
932	808
53	2384
2038	1422
226	412
1713	2704
1378	2413
870	284
1901	637
357	2573
378	502
724	2692
1000	694
1631	2343
724	972
453	2229
2667	2249
285	286
1142	180
2722	325
78	1975
140	401
2747	2440
1680	1689
303	418
745	2408
840	778
2443	2180
191	393
546	2016
1309	1601
218	939
621	694
1233	1647
2489	2342
569	972
2119	1280
1722	973
1727	2616
1292	748
1027	1553
2466	1903
468	184
742	432
2673	2674
2275	2653
2668	33
1067	179
118	487
379	2744
873	728
541	2246
280	2384
467	1118
886	1903
1808	723
2670	569
1452	1044
130	1668
1487	1169
829	497
2413	2431
648	727
1059	526
720	1462
645	2431
869	2411
1065	1334
913	632
1340	742
505	352
2351	1046
159	1860
2145	1451
791	1342
1324	259
702	601
1577	1739
1542	2417
112	1860
373	156
1325	2431
1082	656
677	214
986	1749
1000	1190
702	463
1065	69
2667	972
142	1378
2305	2487
1224	2733
720	1631
546	1968
2302	1416
1918	35
168	1374
1500	509
880	1540
953	1462
2112	2348
78	2285
780	2112
1610	1613
2091	1014
470	2590
2688	2570
838	2012
547	614
1973	1427
1349	903
554	1310
2305	1305
1167	911
730	294
526	293
368	179
2711	2062
1960	1017
960	1857
2670	1957
1441	580
2437	78
742	124
724	1296
268	358
2201	1601
2536	2302
530	702
105	1725
2760	282
586	1202
372	687
1053	1904
333	2587
225	1360
795	2496
1095	2753
872	2569
742	1224
2454	2077
142	105
953	780
459	2734
236	1671
1162	2564
897	1414
2373	1845
799	1688
946	1459
742	2258
2473	632
146	529
56	1453
378	686
1759	2140
1565	1562
2473	1267
1987	1168
1415	1656
847	1920
12	314
32	106
1378	1904
2043	1475
2487	1733
1272	747
437	537
333	50
2112	646
1298	2117
260	647
1082	959
2623	2224
740	386
742	1431
547	270
2201	745
2632	2104
1003	191
193	1411
2317	1904
742	547
1476	1384
228	435
523	777
594	66
677	256
2383	2281
2527	2589
381	115
2149	2416
251	2342
15	1860
793	2203
1215	2450
708	399
2528	2548
1519	536
602	2016
819	824
944	333
524	551
2640	1763
966	562
526	1510
955	102
2573	207
1839	1009
1588	2092
861	1129
191	258
885	1957
1782	2420
357	2304
2667	1957
952	2417
119	1363
29	2655
2201	1832
913	993
237	2734
2250	116
1143	56
277	1860
1717	139
117	2106
721	1625
1299	2439
1402	155
619	422
1759	2415
237	190
968	260
2221	1159
1733	2670
721	2123
2038	1406
157	782
2183	1957
1167	1480
2536	1416
290	2280
2595	949
1619	523
1541	50
1480	2342
2667	569
2201	1010
2201	1657
730	1532
2184	2561
1062	199
668	788
2361	99
645	208
338	1789
1047	564
57	1109
848	2468
1413	1393
28	148
2755	2440
2040	333
363	1968
945	339
2647	1199
602	2031
2245	1857
2692	2236
1299	2589
54	354
1048	1522
272	2619
1151	688
2374	1927
2334	2589
694	1190
847	1438
1336	2685
702	2667
2383	1437
1200	1287
179	282
2626	1727
191	302
1001	2015
931	205
1746	1990
2605	2448
381	1707
645	910
701	2342
325	995
2781	547
2622	2476
2024	105
1744	553
619	210
283	291
278	652
1531	154
740	701
1485	1501
1295	1886
2691	507
461	1860
2016	1745
1888	1415
2031	2300
2720	61
847	1459
269	377
1631	459
662	637
2468	1129
551	1666
1516	128
453	1048
2784	2339
1532	1485
2294	671
2250	1713
280	893
1462	1406
2141	2759
379	483
1733	2746
1216	639
1868	370
1378	2265
1142	1541
2762	290
2119	637
745	1033
2593	197
2303	1295
1293	741
2585	1400
2256	2786
2573	742
1832	1487
2460	640
1795	1862
2269	2095
1457	1169
2201	851
516	1487
1927	1397
2024	1167
1054	1431
1582	359
384	2514
505	358
406	2047
1179	1114
1948	2623
742	584
1857	106
2456	1590
1261	2260
98	1430
477	2623
1651	1565
2303	1795
1065	770
2300	564
523	104
2747	2447
913	2384
742	890
2591	2573
1437	2667
929	1838
1483	993
616	205
438	1691
548	1745
1795	302
461	1370
2409	1992
617	895
290	1333
286	2408
2334	2237
487	190
974	2583
1082	742
278	210
645	240
742	328
2585	191
2482	584
730	2467
451	1295
1541	2705
1355	1098
960	345
824	2670
1133	1128
720	423
742	199
1290	2734
1200	2184
1200	2607
278	1545
2121	333
2024	1824
1540	1691
1563	29
2034	1090
907	2375
2413	1608
82	637
717	84
526	386
1599	899
2523	807
671	1295
2755	695
1159	676
645	2085
365	1240
1533	1116
378	1558
952	79
1725	329
1759	2276
278	383
1631	2029
742	359
1142	646
1244	642
1538	1133
1372	533
897	441
2230	902
1495	207
913	371
1474	2379
593	220
2536	990
57	1079
1727	2569
1659	2691
15	1857
1140	1033
469	567
278	2105
2384	339
156	2342
752	310
724	1062
1699	759
943	727
648	573
1817	1149
523	1756
2119	2207
575	2108
1268	791
1345	361
2201	1661
985	1396
98	1526
2349	1094
1933	1519
1452	1713
1235	1389
742	881
751	437
1899	188
727	757
305	1109
2232	706
2776	1744
381	402
419	1904
198	2174
1172	126
1680	1274
636	1088
824	352
1065	1177
1732	1868
2768	131
2521	536
272	1599
548	709
546	2667
1769	1860
2609	2384
2167	79
648	2518
1817	455
2536	282
1391	1643
995	924
1027	1886
42	2764
2712	1795
2259	2703
833	14
971	968
660	568
2016	1299
1680	1010
621	1870
361	1037
745	1583
962	548
213	440
1495	1199
1948	2167
1360	25
724	847
336	1370
1135	2124
831	2773
2415	79
2669	2145
742	687
1059	840
1842	1770
2667	1599
907	2006
485	438
1928	2016
1059	778
1053	308
1042	237
216	548
1000	1048
225	2369
1135	2634
1617	1251
733	2130
472	2160
2109	717
961	284
1325	1062
2308	1707
227	394
479	566
2487	2184
2038	1648
2550	2569
272	1062
1927	99
2334	2667
911	1169
792	1116
1961	2743
742	380
1277	2243
2285	652
1309	2165
785	2784
602	1522
387	7
2118	2242
2407	1324
254	620
2609	2206
618	492
702	2030
930	2670
2431	1904
487	245
1001	1895
526	833
526	440
2016	2281
1787	102
1449	78
2585	1733
730	724
1845	2470
2105	502
2625	2624
648	93
1292	956
188	443
648	339
652	2589
953	905
2085	1957
1463	2679
1519	479
2524	120
1045	1592
1433	2612
278	883
2175	1857
22	629
1549	2242
877	2039
1904	2613
2573	1468
78	1279
1133	923
1971	2487
1949	29
2691	1895
1616	492
1022	1602
1930	2138
78	2734
462	826
2670	1975
1295	2471
1627	1468
451	702
2016	1886
1839	2031
2076	2199
1550	1841
1795	314
2091	2356
1045	865
1925	1199
2016	368
2416	1480
114	29
1062	1874
1346	1650
1457	883
745	2211
1140	2707
1448	2191
2450	1838
1973	1214
277	976
727	2734
2351	2339
2445	2593
1684	2529
1023	68
869	1659
1468	2471
2407	1904
2748	1095
1763	1210
548	614
207	976
360	745
1096	1353
1334	364
1627	1173
546	2478
2015	2670
914	1290
447	11
1618	1088
387	354
2506	2281
459	689
437	223
2456	1904
225	2184
2488	1721
451	1860
1249	2602
1065	1039
869	2072
648	441
742	36
540	125
434	1605
770	137
1003	321
293	240
1860	2465
2285	2441
530	406
742	2683
724	1991
860	648
855	742
2668	2784
389	624
897	133
1443	1253
1065	216
2683	1671
1865	1624
133	959
645	1322
1566	2076
969	2016
2091	1598
1817	314
1354	1389
92	1295
648	2505
2403	2045
447	636
2454	2177
1872	766
2072	1838
1074	1724
742	2095
1533	909
1661	1462
1074	2388
725	244
1378	1702
819	2380
110	936
1533	368
186	341
2038	1051
1839	787
66	385
0	1472
581	2699
184	834
1838	2187
1966	1451
745	1062
1533	2683
742	207
278	371
730	2655
378	1955
1986	2408
1048	748
677	1822
2594	790
1676	791
1067	423
1302	2261
1790	1559
1646	1666
2437	2436
467	432
1795	2606
751	223
1734	2586
2647	2701
502	514
2351	446
1080	702
1425	283
1707	1904
526	1450
282	2299
2715	1612
673	503
898	1029
1042	1533
2016	1462
1429	688
2244	407
78	965
820	1169
2477	1733
114	1018
2130	2634
985	1795
651	2211
185	1860
1903	201
2484	783
471	2077
2197	437
447	1088
2506	1743
676	502
2439	356
378	514
2254	1886
505	223
1241	2206
2123	16
18	204
753	2734
523	881
1535	2780
378	412
1200	199
913	1266
742	107
652	959
1934	2151
451	459
2585	168
2245	1838
1125	143
1152	2561
2437	2755
1126	995
2351	1818
1492	451
633	1352
1286	884
191	1426
188	310
2119	45
1485	2365
390	634
1297	514
393	833
1116	2259
1964	1098
1425	2707
180	201
1067	1341
2766	2042
218	370
1065	441
648	497
1839	2433
2230	1599
824	505
1114	497
2351	2784
917	492
726	1170
1933	1164
2373	136
163	955
969	2026
753	727
2370	1281
977	684
1927	2454
1670	739
742	497
790	534
1051	826
614	1097
1295	2651
102	1169
835	2758
968	492
2626	1049
1109	2546
133	497
587	1139
2284	412
1145	1185
1049	2623
569	590
2332	1860
30	724
334	746
69	282
88	1337
885	2586
256	1242
1873	1908
125	2589
1172	370
2376	2308
829	220
1145	784
2384	380
1751	2584
833	614
178	2761
1603	2478
953	2016
984	771
742	767
1206	1565
727	689
253	492
1215	1301
2609	956
2024	745
214	791
2760	1169
391	995
78	2751
1065	2655
114	225
1648	1145
523	2234
1292	707
717	19
1997	2042
2787	2172
866	1347
60	165
1051	2520
591	1689
1039	1169
1295	1468
913	824
2038	1145
1271	1414
943	689
105	847
2012	2607
2201	525
2383	1236
142	2159
1554	282
851	2237
1152	1309
2478	2095
225	1010
1061	68
2482	2536
189	2468
453	338
45	2468
2787	444
1440	979
2184	915
785	342
546	78
368	1444
742	1434
1933	1617
2590	126
2055	1941
525	2048
1059	304
278	147
744	604
316	1109
687	412
314	573
2097	385
1392	1880
373	55
1495	2207
1822	2431
645	905
1927	1378
742	2169
191	2667
1815	1834
1577	1798
1118	242
575	1018
720	780
1885	1030
742	270
2489	2658
191	982
497	1026
228	1251
1647	1768
2384	443
1975	1601
1000	2609
2728	2769
1296	2667
278	1117
2482	1955
1487	1414
1067	903
364	240
1114	1608
212	260
1297	268
2024	529
939	2732
935	416
188	1666
265	138
1519	1164
119	10
368	894
742	2161
1297	440
665	458
2738	2074
228	1164
645	2252
1080	1167
1111	2427
1911	1912
2468	2653
2730	1272
357	1522
2308	1785
223	13
1116	1478
1059	1732
1756	1403
1795	2451
937	781
265	708
2112	1608
368	1712
619	240
2119	1541
1533	1409
671	2670
187	205
1614	1444
278	829
1188	1101
2163	1853
953	360
1501	1194
163	1173
885	2670
1295	1046
2268	2670
2351	2554
1159	924
105	1286
140	364
2230	917
1631	955
1812	1198
1177	2384
2351	2285
1973	2702
284	1237
78	1868
2104	2096
984	2512
1373	2784
2573	2141
724	1809
2667	2342
2739	2280
2663	2309
1656	1164
2620	578
378	2321
288	1202
2098	199
2108	1190
952	2322
125	1733
1983	333
60	198
1817	137
551	24
742	814
569	910
360	1200
1415	205
1495	2652
2324	65
328	883
866	45
1065	422
2201	1475
1296	1022
597	2700
1065	207
953	2282
179	1416
1759	2725
1280	1300
730	360
1212	246
2012	2667
195	2657
1200	1487
1030	1169
619	1994
618	1177
515	2707
1495	505
569	441
357	237
1378	959
1378	2172
34	179
949	1342
482	1202
890	412
12	398
105	619
1991	284
2788	881
306	609
2487	2175
1413	459
2595	2545
1177	105
742	1842
542	418
2184	1066
541	107
98	1830
780	2599
353	257
1083	1852
2107	1038
911	752
1493	413
953	652
969	993
163	1495
2183	2561
2373	2589
2194	1124
1995	79
1631	866
968	126
650	467
420	1681
1895	1312
2691	2667
790	345
742	1487
594	270
1541	189
1716	1133
183	964
1152	2349
607	2328
1065	1679
236	187
1533	2578
191	788
2235	149
1156	1204
2667	757
1541	835
1378	2457
1729	1129
724	1345
2454	207
250	580
1739	1649
740	1487
636	1447
2016	748
1184	2130
2505	1284
2370	2438
482	361
1538	2318
2470	1595
1200	229
1078	2431
748	370
897	2645
1022	1415
648	2667
1506	2623
924	2045
2457	2158
1812	555
742	2533
745	1671
943	565
485	943
1200	682
677	414
2308	365
154	1204
1142	270
614	514
216	1140
742	2071
701	1733
78	441
2540	1551
1059	1955
645	2141
644	1397
1002	557
2591	1706
2184	2606
908	168
1407	976
779	258
270	782
1442	265
2032	2563
2730	2355
650	432
740	153
1813	365
627	1892
2156	1160
1532	184
1971	885
708	226
2417	1775
368	2302
897	569
1480	2670
646	2655
1631	255
551	917
230	2657
272	1965
1581	1172
1665	1866
1329	2683
378	463
1142	399
742	135
488	1871
819	341
1378	99
2407	1007
1971	1046
1442	1631
357	943
953	2699
414	689
451	339
1295	1661
1702	2787
105	1666
381	2702
1555	45
742	2207
1114	1550
184	635
1635	1229
138	126
742	569
741	2104
1059	800
2573	1039
1335	1932
1123	1197
2167	2224
138	1876
897	2565
2207	1640
2591	1369
2097	44
1733	1586
441	1193
903	1525
1705	1296
1295	203
636	1860
2747	2743
292	811
1205	2580
2398	1191
2119	2431
742	1784
1048	524
1200	533
2735	2411
569	656
1541	2744
1982	277
2717	1202
2351	2170
2594	1773
2510	2029
1001	2667
824	168
281	2178
1666	656
2468	2195
742	893
384	354
463	2014
824	1338
1821	1360
546	441
635	491
792	2259
2573	1378
1164	483
1372	341
2197	68
857	2335
1065	1001
2684	75
1713	2271
1762	2411
990	1007
748	2732
1095	257
2016	690
742	143
2266	1209
1345	748
2468	568
105	2384
28	163
1065	2373
147	976
1739	1798
142	311
1927	1207
1388	1887
732	2167
217	187
30	742
724	1430
2762	1662
377	973
1111	2237
52	684
143	81
546	2015
200	1272
641	947
380	700
2221	2088
2259	2075
730	1255
744	2640
1588	333
1828	1290
437	2037
180	678
740	2291
268	514
2337	2016
1671	205
1180	1404
1212	416
522	480
524	492
982	514
272	1198
692	2111
329	1194
2211	1319
1442	301
2193	895
2431	1598
2460	1541
1850	2565
2221	1930
2049	1707
238	405
2695	1377
727	2667
1009	908
1743	413
1492	934
1480	1733
1652	162
214	1603
1721	1686
196	398
2501	2354
442	434
740	434
1184	1744
138	386
154	2515
551	748
1354	2265
2513	2504
1644	2483
1889	1795
839	350
236	1088
36	333
1065	1450
2482	1413
1770	735
907	278
892	1725
163	943
742	100
1982	883
1921	764
643	2673
98	421
837	693
725	973
546	824
1810	2126
280	1860
888	2653
1329	2677
1666	282
718	126
2670	1818
2119	1289
139	803
1452	2022
819	313
2201	2767
1538	506
180	2684
2055	1534
2478	1601
1619	2211
1292	1048
524	2707
672	2496
2390	2340
2663	2643
664	430
403	2201
156	1450
2369	2566
1619	2670
2591	241
250	110
1727	1475
587	548
1523	769
1875	1709
1822	2201
523	1738
765	972
371	1341
150	1423
765	783
2069	2009
847	1185
378	423
1540	1838
785	748
648	1007
174	2699
730	188
1533	2196
1476	1279
1759	2496
1554	349
790	1795
526	614
875	2039
740	1955
2131	2481
1813	1483
1656	1617
1841	719
2573	2362
526	213
634	1174
967	1729
1294	1307
1295	1475
163	447
1839	2095
602	1886
487	386
1541	1169
180	314
624	369
681	612
720	694
2349	1524
293	514
2373	2676
1345	1437
2623	2621
2431	1590
2156	2127
255	554
1490	1934
2119	12
648	352
847	1692
1378	523
1167	851
839	1602
1052	802
1955	1860
1369	2334
727	40
1610	260
2270	787
742	594
2384	1986
1534	1487
969	1814
297	1444
969	2373
234	988
311	2514
980	189
523	1062
949	924
360	2411
888	1860
29	300
2123	1625
176	542
178	413
1648	1185
1339	1368
2452	2016
2051	1860
854	232
1151	314
218	1745
1724	835
1549	1326
247	95
2201	80
56	93
686	823
2609	186
485	379
181	1165
62	920
1056	1512
601	436
1707	2220
229	286
2762	1333
15	653
1982	352
66	2684
1152	1200
2408	302
273	754
2748	2440
1805	1644
2573	2135
2367	1686
451	594
243	700
178	400
1286	2466
1158	373
2671	119
1241	897
761	883
1713	1860
677	764
2545	1864
15	1295
2083	2031
453	796
187	21
602	2667
2656	2707
1962	1887
218	801
1593	1600
214	545
671	2201
1355	2027
1806	742
2681	2415
674	1860
2308	2499
349	282
1874	1494
1676	2782
2506	214
2314	2173
1618	636
1408	1383
1270	1129
1540	1343
886	354
1309	722
357	1495
1727	888
2670	2703
183	1441
2667	339
819	1338
2281	2617
850	2194
2454	2391
26	109
105	602
2384	1169
2683	474
743	1109
1810	1964
360	2091
1143	1465
207	2565
1480	1975
1886	363
191	282
1102	1494
268	440
860	2167
187	461
610	811
216	40
1080	857
345	2615
1839	1628
742	1072
290	1662
2431	1282
1017	406
1022	695
1800	5
191	1487
254	1131
730	2748
2015	1661
1891	742
2024	1062
1141	646
210	2667
2644	2408
1495	372
1388	938
2630	173
1576	1337
2523	408
2456	2454
1008	1129
1728	832
1794	1403
1442	122
1355	2242
391	2045
2201	2527
897	1532
897	626
1973	1133
2167	1986
2138	108
401	364
2514	2142
1620	754
6	748
1563	1741
1059	524
1958	1905
757	2342
662	1243
188	865
866	2334
949	1579
523	1644
2373	1322
1566	217
126	1198
2398	630
1955	93
1082	191
928	470
1739	2415
2487	885
2159	1358
1533	1358
1113	1617
523	2468
748	199
2431	2184
677	2383
1001	2159
188	438
1815	2130
1468	1733
2431	259
1365	189
742	66
2439	1358
325	757
1509	284
742	2431
1730	207
282	307
932	1732
2205	2689
2095	883
2450	1433
2792	2545
890	213
724	652
1203	351
1078	2216
333	568
1424	2589
1631	1451
2038	855
2024	1587
2402	1185
2755	2447
1540	437
749	1448
2787	2047
1966	1395
230	901
437	2496
368	1352
674	509
1687	458
150	329
897	590
886	2466
1698	2500
448	2159
869	532
2383	595
1743	2332
959	147
2172	829
388	223
907	1496
481	2178
1638	1804
1654	11
2141	1295
167	1072
1874	1487
2489	14
523	2211
88	688
1857	2705
136	242
742	473
1495	1070
1856	1814
1707	1691
2460	534
49	998
742	1196
742	1874
191	349
2589	2565
453	2657
897	199
569	328
956	2336
701	724
1702	2172
1262	726
539	422
2038	2544
472	2615
2184	1274
351	2193
1074	180
506	1565
1309	1119
1268	1010
214	1511
2449	83
1192	996
1556	1860
189	1129
194	2126
1067	368
1295	287
952	1090
1681	638
507	2623
1656	479
1618	955
800	386
2201	1437
648	771
451	1480
1045	1346
1372	423
5	1497
1066	2771
272	968
39	580
2128	1852
218	49
1941	1163
1926	288
2623	1304
2321	2315
249	2568
665	770
1533	2317
791	126
727	1112
2308	1706
1293	1415
125	2342
2531	1736
1886	2184
1901	416
793	459
495	1768
1533	2209
1403	1887
523	1506
813	2394
200	1439
2460	2763
2023	1808
200	964
105	341
1065	1745
1005	260
1212	2184
2026	2670
917	1599
1109	905
221	187
1241	280
1496	2589
1441	1344
1295	608
1059	1024
451	1299
1355	1081
2408	1894
357	742
1848	2739
476	2343
1874	2209
2443	276
1613	370
939	1024
1349	236
1627	2413
105	69
791	497
1487	603
2285	446
2184	168
677	2076
2083	2408
272	126
526	514
38	2408
368	585
2233	2786
2720	1230
187	1561
880	917
1485	2201
2351	2462
1521	1692
636	206
2748	2753
1899	1341
1696	1494
791	1996
437	1393
524	2514
2220	1904
1055	64
2201	378
2016	1010
594	782
2782	1011
745	548
1471	1957
1179	1702
1059	551
1001	779
645	686
615	1030
2201	2589
167	206
1794	859
742	2206
993	2137
98	2353
1479	147
2491	518
2437	1255
1810	1880
1982	257
278	466
537	623
273	363
52	977
524	656
2184	1046
1515	47
917	1711
742	1671
742	1584
314	1008
448	1353
1687	371
1015	1640
187	51
851	1274
1200	2091
429	1220
1325	2281
2024	1732
78	244
213	614
939	1490
2684	782
835	137
2077	2317
2024	1177
913	724
1927	1702
30	884
1011	973
2244	1005
127	2772
2052	2746
665	727
2538	1049
2221	1733
742	2343
819	201
2202	1876
1005	2564
540	2487
2510	214
2755	2743
1046	162
854	2242
179	155
2670	757
1082	689
2182	15
1644	1541
686	1691
2141	2071
121	2106
55	2642
449	1615
111	349
2567	901
322	1953
2104	1985
263	794
1817	1794
1866	1199
2461	1008
2091	1718
254	998
254	2535
1296	2615
2055	1163
1126	879
897	2085
1417	566
2037	1033
2108	2692
1176	1320
2506	1462
2082	2610
2562	182
1549	2118
1955	502
1795	1189
818	1578
652	883
784	579
487	2760
2491	319
2373	1767
1200	2012
1685	1631
2384	943
1427	1008
714	1667
2384	216
453	968
614	440
1911	2423
724	1027
1442	1286
944	920
2201	2713
742	1426
528	927
2272	2273
1485	1303
1059	602
602	1450
761	2007
1025	78
2583	1602
526	1540
1388	1403
1088	91
338	524
487	1558
742	883
829	2011
949	1604
1159	1450
122	1860
742	1239
505	514
426	2262
890	315
1145	2313
2609	533
391	924
2650	557
357	365
470	1802
1275	199
2605	847
1670	995
2351	2499
1763	2567
597	2682
748	787
360	2744
677	2030
2384	2589
1010	2135
133	1592
2351	2559
533	341
2667	1374
180	782
740	1982
894	887
1971	961
2360	64
1043	1898
645	497
740	580
687	568
1549	1573
1025	443
1837	1864
2630	346
1903	1908
2389	131
1039	1062
742	1501
1240	1601
1655	1471
462	1067
328	1487
1164	1602
56	208
1065	255
2401	148
237	2041
582	770
145	903
628	2102
1775	2468
1129	2653
2670	1590
740	1114
813	987
1699	1287
332	752
742	2537
968	253
463	1691
377	74
2617	2612
2416	694
1822	414
2254	1581
461	683
475	1493
776	2745
578	1139
1844	1123
2201	1231
953	2477
163	1176
742	674
1295	1338
724	1883
2333	1334
449	1392
1698	857
740	883
740	2734
701	461
2201	779
949	1509
1000	780
1533	1857
602	946
272	351
869	750
2573	838
1071	1860
142	1341
2132	1608
742	1516
2467	2436
580	783
2119	137
1881	864
1702	1904
1295	1360
34	1533
193	385
2088	1743
1947	1540
885	302
648	295
1629	365
363	1860
2609	1450
569	1553
1974	1782
1349	423
569	757
733	1744
2615	2155
2585	12
2667	1271
1297	833
1861	310
1712	2302
523	859
180	708
2748	2447
2478	826
523	412
1446	1295
2281	1062
1635	2665
857	151
742	1240
897	546
278	456
887	2133
799	1202
1733	1957
1795	933
1839	2245
1419	1222
1372	352
132	220
2673	2489
546	1376
1121	2153
2026	2676
1649	889
676	514
969	1177
1811	2114
562	356
2611	2589
724	2734
1529	742
1916	1112
1402	1416
12	455
996	176
589	2235
198	620
740	126
886	554
314	177
1203	883
368	887
1152	1302
2413	2599
1180	313
523	140
2294	2021
1670	879
125	136
1982	423
191	780
119	2188
534	1010
2281	78
1540	206
907	2739
791	569
2016	2048
1290	2379
368	755
2585	1631
523	2670
2402	2156
1062	374
1172	796
1680	1795
1933	483
2031	424
1566	68
569	376
212	988
2241	1569
897	2626
69	210
1534	1163
1048	195
2684	1
645	1007
10	1363
1532	1501
1048	414
2037	2675
1423	329
2468	137
742	658
2724	2422
1000	1979
174	423
2506	2303
2551	2765
193	2690
2641	313
114	2561
1336	1923
2201	1957
214	1169
2221	1934
1373	2599
768	1699
278	2734
1857	1237
883	147
1365	1770
163	524
2691	1677
761	602
1993	1512
824	959
1641	951
812	1037
2024	907
2478	2384
523	359
78	682
2172	99
805	523
2374	207
812	923
1295	2487
2452	16
1724	1008
2128	183
742	603
953	1580
724	1955
278	546
1301	2529
2201	573
1439	1272
1724	2468
2603	2307
1203	1007
1648	1438
842	960
1942	1785
1162	652
514	1117
589	594
886	133
742	866
896	29
2747	2745
2437	1095
789	630
1829	1860
40	1137
742	859
1573	2118
1158	50
602	883
2443	1688
1982	636
269	1596
1510	293
885	431
1172	548
907	757
1032	1922
645	34
174	1533
1346	2305
2221	1271
2724	2769
1430	2699
60	137
742	2334
943	475
1703	1951
632	1267
2383	2201
2024	1804
1215	2708
1934	1274
1997	1221
368	155
1177	126
2351	2536
250	416
858	1922
1516	2468
1921	2384
724	2391
289	611
2417	171
1407	412
1132	1392
721	16
1200	920
742	2148
742	1939
2220	1702
1199	865
2288	2425
1902	137
2443	932
720	680
1631	436
1295	2427
980	568
1062	2408
2435	2469
1295	1598
1241	2609
742	1400
95	1392
2456	1702
562	806
1191	987
2361	2179
1297	1450
2373	1039
1173	339
98	1849
59	1275
2573	2435
1752	54
125	2487
1130	783
362	1860
2383	2373
507	1395
742	313
1534	1941
2568	1980
748	1522
2431	1624
138	190
2777	514
540	414
1549	1355
453	1824
526	497
1949	2651
1824	1072
907	546
1065	2257
851	1295
990	648
2567	1807
1005	339
897	468
2456	2613
1543	1379
1089	178
2487	2080
2038	1864
2681	2654
2384	497
764	280
451	2510
1681	624
1145	317
101	1235
378	133
548	2657
1502	2602
78	1018
453	1172
378	2461
1001	1358
2461	1724
2373	1169
1733	1475
1053	2108
2435	2349
564	2237
1325	1304
2184	416
1487	2676
834	612
2670	2589
927	311
218	998
724	2590
565	307
1444	1416
2091	2561
2125	2616
981	1860
539	2667
2016	2502
1396	2699
1292	1072
2070	2592
953	2637
2584	2463
2640	2424
742	2412
5	1012
2506	722
1215	916
2431	2317
737	2189
540	136
1145	1838
2336	2630
2573	1462
228	536
778	2353
897	2141
1763	1168
356	190
645	168
2670	2676
2707	2703
938	1403
1540	623
742	2736
1005	2201
1817	2653
1541	2468
767	2704
191	2384
724	2334
1150	20
2201	1889
2767	127
2374	1860
1656	1879
1372	671
1813	839
792	2464
1360	823
114	993
1114	251
1894	2779
742	920
724	829
1942	820
127	176
1185	235
2585	1152
874	1662
138	136
913	1065
1631	507
48	72
2416	2016
812	78
1570	1571
812	225
523	168
1966	653
1200	2095
753	1503
78	1062
618	1687
449	2242
1295	2608
1059	1839
742	423
1948	2224
343	1860
1540	1818
742	2397
485	1415
1270	2468
555	329
2208	2468
677	689
1799	1295
226	568
1839	1475
886	151
2787	472
2035	1448
2015	2334
2221	2201
1003	744
1615	1860
1727	1830
487	1341
2349	1745
1436	1737
1280	2461
1707	2461
724	722
1836	2500
2468	271
2478	2016
800	988
2215	2699
381	45
2695	733
1292	771
2585	2551
2755	2745
1423	2209
2167	2047
371	502
88	2633
563	1573
257	834
618	2641
707	27
414	614
111	187
764	2384
236	423
643	2612
1795	2039
1223	1792
2315	2682
1656	2584
2433	2338
1930	1414
1297	156
1733	2589
1336	1589
1722	2463
2317	2265
886	485
1001	14
663	1341
960	2154
468	931
2070	523
1468	1590
1506	2224
1702	2135
548	1558
191	1261
960	1477
740	683
665	927
280	2667
1870	1180
174	368
325	924
2119	1446
216	1290
215	314
34	1899
1408	2153
897	2685
98	2676
1707	2284
742	418
460	1860
1140	2703
1373	163
360	1931
717	257
654	1428
2431	2271
2006	630
2585	446
2422	213
720	1259
396	294
743	4
1065	1375
526	414
732	724
1349	1253
251	502
609	141
847	1884
1442	1908
2461	177
418	1599
524	917
1759	1497
1082	1700
2200	1841
2557	2243
1295	2589
103	835
507	2567
2337	1063
867	1556
1295	2565
1982	1203
2370	457
1921	214
2091	1862
1433	2404
2579	1821
370	1072
748	282
734	1295
643	2016
408	1182
78	1957
1348	306
1000	1550
1682	2476
1286	1437
1292	690
359	299
1460	2296
1437	779
790	1295
1082	251
184	511
953	1603
2131	1845
105	1899
535	576
283	1113
2149	793
1956	60
2397	846
1008	859
1982	341
2312	2576
2447	2440
780	1018
2416	793
314	782
745	649
954	1258
272	195
1687	587
167	1034
1059	1824
597	878
2383	244
860	240
1117	2010
2567	1168
2221	724
2450	1906
2670	1804
2622	1682
1608	2619
1541	1427
1314	1860
1721	957
2703	2342
1546	1237
912	95
2221	2699
111	644
780	2657
1480	2589
1436	973
748	689
2647	2636
1125	2526
551	1745
1413	742
819	1860
1540	551
1635	1175
819	274
602	78
1251	1602
645	242
1324	2613
402	1750
278	361
546	373
254	1908
1104	1999
1785	640
82	594
1624	14
1270	137
1341	943
1000	575
1670	2682
1082	1088
547	321
636	91
810	205
63	1869
2626	98
2037	1711
339	865
1680	2184
2478	817
1724	1129
742	2048
1138	60
2536	1268
6	71
1346	1733
1048	1745
2581	1157
2062	1574
1072	529
1062	333
724	1522
602	501
939	748
742	2483
1118	64
1770	189
2705	1487
860	880
2055	916
12	189
19	2655
338	142
523	372
952	1759
1167	637
236	1064
953	1848
1824	1745
953	2506
2190	2682
1728	2453
645	984
212	699
225	222
1504	2001
1956	2703
2413	2305
1325	2478
2487	36
2374	305
897	2590
2330	2329
1065	371
2069	2404
2113	2201
2416	1190
2626	1110
734	2201
2347	719
1309	1056
228	333
1185	536
617	2685
2221	1238
272	917
138	2527
2510	414
961	1860
727	652
449	1494
1297	1063
742	1582
1810	194
2119	241
183	804
2351	1735
1776	2034
665	582
657	1860
2291	1042
2510	2225
826	1062
614	1386
2175	885
1555	1151
2719	2130
742	2320
2398	1796
2151	2744
2373	829
648	2184
1444	1857
676	1117
1533	2239
451	1685
1533	755
526	126
730	1095
2697	1164
1011	2584
742	162
1051	523
1839	790
742	1109
121	1985
955	2251
2175	2167
1614	368
101	531
2196	1712
724	299
1297	1341
1297	1510
1296	2787
1928	414
727	2441
732	2487
1785	1876
2024	1413
381	1555
1295	2237
780	575
1292	254
2169	1507
1349	1772
262	1079
791	1604
77	1540
2313	1087
2487	2072
2667	376
397	424
370	1117
2683	205
2175	758
698	2524
138	356
730	427
671	378
1924	1688
2436	2745
2269	145
1470	1513
2705	2177
648	443
325	1384
2343	414
327	1860
156	514
30	2221
2585	2478
2645	2572
2370	1915
2373	2375
1799	1495
663	1515
2337	1480
371	524
1911	2468
932	1169
1888	1271
114	1462
742	573
2051	473
1733	885
1759	23
225	883
2016	1169
919	711
112	993
1459	976
1860	409
2737	808
742	5
1533	2464
1828	784
1368	1528
1325	539
2140	79
660	270
257	39
742	835
1095	2747
724	2475
134	712
62	1945
824	207
955	636
866	1817
1378	1590
414	1450
373	632
2006	1208
176	418
645	591
2099	2062
2184	51
1203	107
2384	689
1166	2012
259	1590
214	2565
1987	1763
1716	506
386	356
1572	2468
360	2201
2654	2675
2281	2691
503	409
748	1117
2089	2084
2351	1712
1929	2119
1920	1884
1623	1162
2016	1360
2141	885
1670	2460
602	272
217	1265
506	1133
742	974
776	769
2016	423
191	1200
1666	356
854	493
225	1993
1603	826
594	687
1334	140
443	1169
1565	1860
1546	1857
665	1077
487	356
1413	1707
114	961
2383	2778
214	78
727	1169
1121	1073
764	689
504	72
78	1991
602	2590
448	779
1627	2669
2207	814
2281	1345
2594	649
671	341
2146	2478
732	302
2038	2428
2431	2407
768	1222
52	352
338	748
701	1650
2700	2293
684	505
1167	1832
1724	189
89	2664
826	1733
953	1479
897	972
437	13
748	976
2146	826
78	2483
98	2589
218	254
1927	2317
1555	2119
748	883
695	1827
2623	1860
2431	2735
2043	1478
903	21
2673	1859
1685	2690
2670	2032
1311	784
2505	1963
2555	2720
526	358
2060	2685
1839	325
1365	45
1983	2705
1860	91
2427	545
293	1493
2091	2112
2609	824
1063	2462
1812	2353
2556	1380
2585	918
142	548
2691	1169
191	2670
236	2683
2119	866
2373	507
236	205
1877	1709
1067	1459
2042	1309
187	725
2456	1764
278	2431
2317	2499
1444	1052
2586	1986
523	2372
1108	825
2637	2383
2723	2779
2591	1804
1822	98
1988	2510
953	2589
662	58
897	102
953	1485
1687	524
1774	2652
2016	847
1191	1795
1878	765
2536	1342
715	2514
2487	2408
2361	1429
378	946
621	151
1494	2242
1000	1091
1743	1169
482	1217
1946	1202
408	931
2665	1175
117	121
1292	2016
236	146
358	1450
724	2526
523	2216
1813	228
1018	1091
523	782
487	1666
66	270
2585	214
2148	1860
236	282
1167	2335
2343	2380
278	742
2438	1894
748	329
1766	88
869	2159
1982	461
523	1391
1850	2129
742	1979
2360	1055
1586	1601
619	529
462	917
897	1886
19	257
1859	1777
1241	1523
1999	2759
2330	2552
785	1575
1566	1540
1211	1251
183	666
548	1169
70	1482
386	190
997	563
724	122
439	2431
1670	45
1198	787
1533	698
278	959
885	2167
1487	1771
618	1139
780	2416
885	168
191	2696
278	325
1743	897
2201	1345
2611	637
2524	2434
2314	2476
1541	536
1901	660
730	2739
1295	1406
839	479
451	956
724	1169
1446	993
2051	365
115	2131
1082	355
273	2380
2516	1490
1991	1881
114	2123
2692	99
1929	2702
1963	1284
969	1360
2024	826
447	102
2131	705
2536	1955
1603	2146
2739	1462
1442	1889
1759	5
1724	568
28	661
1248	2185
368	1402
819	601
860	865
1870	1404
723	871
949	1790
1200	286
546	2367
742	27
1910	2713
1076	2098
174	1423
2550	1309
1250	414
613	1725
146	150
1444	2613
2373	2048
180	797
1105	580
137	1403
953	760
537	2705
1172	492
1495	2461
98	2125
1455	2420
1143	1306
2184	1360
462	1117
1759	223
2456	959
1897	1068
833	1599
592	1860
677	191
742	1321
15	1112
1282	137
629	313
60	1887
414	2342
742	413
230	2382
1000	1114
2373	2319
1702	284
1662	1405
953	1743
769	959
378	573
1167	1353
2015	1886
1329	2054
1991	1060
177	1584
860	463
1313	1382
98	2616
1025	1169
953	1468
1145	1170
2732	85
2528	2588
1501	150
1495	487
177	1792
1538	1128
540	242
742	1107
2118	1964
370	260
2536	1444
2361	1795
1252	2501
1059	24
254	1745
1358	783
470	1005
2431	1817
2141	1804
378	1691
2525	2618
1954	2123
914	264
2119	686
1993	2349
645	162
953	2527
1065	423
2146	800
1756	2195
745	2670
1707	2044
69	438
2673	1523
2667	548
1759	1649
1492	2691
1507	2686
2026	1415
12	1312
1822	1437
1169	2111
1233	8
547	983
494	1456
809	1338
179	725
956	1302
201	2652
665	524
2748	2743
2556	114
1664	2667
1339	1972
724	328
378	175
1598	239
1452	636
358	2777
391	742
2556	2561
724	1965
632	2657
470	2301
463	352
1623	690
812	2667
892	1860
648	829
2154	2496
443	2342
1885	1659
2141	2487
1268	2184
2317	1671
114	142
1132	1573
2431	1939
2417	128
2499	2209
311	14
1665	578
648	47
19	635
112	656
528	2456
2403	2477
2334	189
188	675
1360	2155
237	1860
740	423
2609	443
730	2753
5	2415
94	849
740	2305
368	633
2755	257
322	709
2305	1713
1848	1895
1680	1789
1192	437
2585	2670
2201	1268
2334	1496
885	883
2276	889
2461	140
66	226
1716	1128
2141	1468
742	769
2119	1427
2697	1602
2016	472
1325	1169
838	1018
211	2417
1408	1656
2585	1839
742	321
2167	2586
