4703
192373	0
168076	1
468002	2
54007	3
138409	4
87505	5
6504	6
48489	7
467659	8
197898	9
76990	10
135726	11
61039	12
935297	13
953192	14
113862	15
25260	16
169673	17
321884	18
540	19
68042	20
316587	21
818707	22
184876	23
1428231	24
367485	25
981268	26
119056	27
71395	28
304938	29
199830	30
648871	31
110663	32
70337	33
88470	34
86771	35
68594	36
106792	37
59253	38
755171	39
459624	40
880767	41
56003	42
228604	43
169558	44
4894	45
1109924	46
1867447	47
1224410	48
352699	49
32329	50
541363	51
240691	52
1814697	53
145267	54
361903	55
339645	56
1488825	57
1999834	58
172110	59
176272	60
47072	61
154039	62
288077	63
18087	64
239886	65
1912352	66
892959	67
222839	68
93691	69
5686	70
161487	71
118894	72
222184	73
80650	74
240096	75
441764	76
1670980	77
200562	78
148366	79
218515	80
804953	81
1212701	82
116821	83
241911	84
324707	85
565375	86
234230	87
258709	88
73004	89
344397	90
174288	91
1115406	92
506804	93
39485	94
143133	95
223928	96
100960	97
1141215	98
1820635	99
256081	100
98372	101
76222	102
49809	103
196241	104
1633068	105
127968	106
84554	107
74165	108
258162	109
61274	110
183294	111
6368	112
98837	113
1654124	114
844555	115
244884	116
1634484	117
30392	118
331409	119
30724	120
88132	121
265064	122
1016128	123
317835	124
21742	125
185428	126
500227	127
2105715	128
169957	129
19	130
197966	131
237574	132
95911	133
93882	134
640296	135
356171	136
187845	137
61462	138
295490	139
76833	140
2099460	141
56007	142
604338	143
299086	144
1379693	145
182697	146
90276	147
108847	148
100441	149
335251	150
184105	151
994609	152
250100	153
195486	154
189425	155
20962	156
132826	157
234589	158
179110	159
290374	160
136432	161
732435	162
169063	163
139137	164
51134	165
1035644	166
76566	167
81663	168
272009	169
193264	170
836336	171
555820	172
835071	173
30822	174
1681592	175
129021	176
183592	177
33799	178
1110161	179
186253	180
4811	181
718137	182
6905	183
1403661	184
871111	185
839895	186
3849	187
463306	188
271915	189
64835	190
1221667	191
258697	192
730316	193
126023	194
518417	195
726990	196
1189492	197
766077	198
217561	199
182275	200
120620	201
1478434	202
101106	203
311467	204
210362	205
140477	206
160577	207
798254	208
93458	209
187805	210
325950	211
257202	212
36733	213
41919	214
148216	215
494742	216
1002924	217
50267	218
31123	219
1274035	220
48167	221
295943	222
285587	223
1231999	224
1743314	225
163257	226
83706	227
308097	228
531119	229
170394	230
834529	231
31982	232
139406	233
158729	234
249320	235
257262	236
86894	237
1333004	238
90038	239
137919	240
1646484	241
100955	242
124450	243
52386	244
204061	245
1284092	246
23599	247
115875	248
2123469	249
77899	250
137593	251
159224	252
144512	253
422384	254
319185	255
120035	256
191931	257
244111	258
238820	259
209894	260
25489	261
132572	262
217779	263
40516	264
805116	265
4141	266
1472735	267
183756	268
426785	269
135593	270
8524	271
153452	272
142350	273
67581	274
182172	275
9437	276
182778	277
227518	278
735988	279
354271	280
89621	281
640215	282
1218881	283
128193	284
65309	285
107201	286
467974	287
169064	288
50107	289
247948	290
816211	291
1490946	292
711264	293
48963	294
146462	295
116449	296
58275	297
88203	298
250937	299
219808	300
1742443	301
158594	302
242363	303
20580	304
179626	305
240064	306
319153	307
61523	308
85116	309
216265	310
1105687	311
346289	312
589412	313
227701	314
85095	315
169621	316
1160246	317
1755277	318
263715	319
101768	320
282980	321
1570135	322
508924	323
380895	324
38243	325
119391	326
215148	327
186385	328
1572231	329
1045621	330
1112347	331
45761	332
121117	333
888848	334
127264	335
552433	336
1269130	337
3869	338
117816	339
813445	340
185056	341
338139	342
195288	343
652552	344
474750	345
98512	346
3687	347
348136	348
907995	349
62543	350
204436	351
660555	352
229556	353
186344	354
965450	355
16182	356
74191	357
60183	358
477834	359
462995	360
360689	361
146036	362
83981	363
470678	364
1091095	365
119848	366
30031	367
502694	368
3514	369
83339	370
242427	371
17478	372
65858	373
155926	374
97653	375
983753	376
237332	377
141436	378
1439545	379
129326	380
8554	381
511055	382
133324	383
35436	384
191221	385
181987	386
156006	387
61889	388
85026	389
106476	390
1428411	391
1845225	392
290248	393
103941	394
1494356	395
79424	396
70804	397
187880	398
388244	399
422665	400
86584	401
1592290	402
416748	403
1373562	404
15916	405
1515590	406
937738	407
1856887	408
1357266	409
20644	410
7485	411
32627	412
184075	413
362236	414
71080	415
92896	416
210890	417
2057813	418
188284	419
238391	420
308630	421
377114	422
114902	423
25085	424
1931907	425
17941	426
785060	427
39789	428
178347	429
1177556	430
214409	431
1787493	432
200891	433
120335	434
1088953	435
297231	436
114066	437
147460	438
87114	439
102786	440
182143	441
195839	442
142175	443
810704	444
77944	445
402927	446
53921	447
173086	448
212278	449
972716	450
623594	451
115349	452
204405	453
4124	454
78912	455
1641282	456
994454	457
222171	458
1208781	459
208576	460
1322579	461
156588	462
65381	463
517668	464
367302	465
278332	466
87592	467
193533	468
251922	469
119733	470
238663	471
208728	472
206776	473
112696	474
94003	475
41750	476
93777	477
83302	478
485171	479
17792	480
116313	481
99816	482
433165	483
4377	484
891225	485
356720	486
618976	487
763055	488
454661	489
704556	490
84126	491
375925	492
241304	493
142567	494
1424	495
262587	496
110209	497
455320	498
113631	499
123994	500
1598737	501
324160	502
504187	503
594832	504
238799	505
120519	506
89110	507
641161	508
2034314	509
8094	510
136225	511
38369	512
222145	513
138892	514
95285	515
630749	516
43881	517
130156	518
59666	519
1766208	520
47439	521
813954	522
666315	523
193342	524
173385	525
227135	526
840740	527
1416939	528
167044	529
113474	530
479577	531
227754	532
102278	533
292132	534
331113	535
1375533	536
141984	537
52916	538
92756	539
123141	540
240338	541
168975	542
15861	543
144766	544
88438	545
68321	546
133077	547
243910	548
52393	549
918652	550
460023	551
135856	552
1467964	553
53452	554
1359820	555
309241	556
315195	557
888184	558
508851	559
41558	560
159693	561
67845	562
43160	563
95044	564
173353	565
274169	566
60327	567
2018428	568
140928	569
397099	570
46823	571
25503	572
638434	573
832	574
143523	575
102433	576
215282	577
285785	578
47906	579
188766	580
1079164	581
70622	582
967056	583
9917	584
395203	585
830526	586
345882	587
210677	588
7585	589
204169	590
5571	591
130500	592
2105	593
44391	594
697438	595
44454	596
2596	597
39447	598
156804	599
930940	600
209790	601
23286	602
897903	603
180957	604
4317	605
14241	606
87488	607
13367	608
1250038	609
329919	610
483461	611
493134	612
23532	613
28081	614
413005	615
231963	616
101381	617
39588	618
799942	619
574863	620
758634	621
30780	622
62435	623
1668	624
1465440	625
51372	626
2900	627
114138	628
126595	629
1960038	630
36642	631
772378	632
122045	633
80236	634
239510	635
156839	636
130597	637
207474	638
107459	639
168350	640
1058765	641
955823	642
64707	643
225349	644
421742	645
863870	646
2130418	647
118174	648
930818	649
71820	650
861007	651
965977	652
119865	653
374082	654
40806	655
232042	656
153605	657
1866667	658
112266	659
108103	660
187591	661
607535	662
201964	663
233376	664
267467	665
520237	666
318518	667
370802	668
246974	669
79766	670
388351	671
167001	672
207156	673
59463	674
157563	675
7655	676
801580	677
73928	678
163679	679
891085	680
145118	681
285211	682
843583	683
37443	684
228060	685
1268334	686
9073	687
129525	688
160558	689
31206	690
283798	691
266670	692
102461	693
90040	694
78642	695
53617	696
6898	697
1110031	698
1121003	699
23826	700
4284	701
118803	702
87353	703
809065	704
227255	705
256232	706
118790	707
182128	708
58201	709
91061	710
21406	711
233409	712
1133494	713
1877072	714
233478	715
1498997	716
360991	717
1127416	718
65679	719
13298	720
636074	721
22168	722
1862464	723
1045402	724
215389	725
202917	726
3171	727
31415	728
7199	729
121991	730
956931	731
219902	732
85883	733
24306	734
45550	735
1322799	736
1427840	737
236058	738
13259	739
317622	740
231731	741
1106384	742
261201	743
93462	744
169936	745
19128	746
66452	747
556917	748
927226	749
10475	750
175836	751
547760	752
129041	753
324029	754
180825	755
126180	756
649498	757
1890738	758
294470	759
188991	760
161551	761
280551	762
1169695	763
124129	764
283600	765
44458	766
440453	767
1415411	768
744534	769
114525	770
1222910	771
4346	772
1884096	773
413085	774
31746	775
161563	776
305091	777
1560753	778
1072257	779
51255	780
84720	781
247980	782
25679	783
239713	784
350045	785
1315818	786
107223	787
1733193	788
2698	789
242075	790
673919	791
81475	792
5009	793
151407	794
433821	795
13453	796
268918	797
362586	798
65750	799
350493	800
23841	801
39249	802
1163231	803
209026	804
1120837	805
120819	806
222493	807
715705	808
4766	809
179652	810
1830959	811
114263	812
98349	813
191213	814
22638	815
49150	816
115204	817
992699	818
4638	819
4913	820
530738	821
94901	822
207280	823
234299	824
137548	825
188916	826
102894	827
98676	828
312654	829
127096	830
233294	831
312523	832
60062	833
1557689	834
29643	835
116813	836
1448478	837
983329	838
734137	839
165796	840
35459	841
2101670	842
50679	843
105027	844
183276	845
109125	846
131251	847
29889	848
46299	849
239923	850
257164	851
240141	852
107924	853
1725610	854
126144	855
888591	856
413367	857
278366	858
139224	859
1785	860
116289	861
702076	862
580541	863
100562	864
96278	865
497998	866
93570	867
350628	868
170367	869
640366	870
33858	871
143336	872
61808	873
1182355	874
407023	875
58975	876
107684	877
42661	878
29967	879
1806930	880
199864	881
67970	882
78038	883
278038	884
110475	885
291992	886
116771	887
277936	888
1209976	889
73593	890
1281212	891
51260	892
246996	893
1181562	894
162139	895
363383	896
290003	897
73656	898
35694	899
106427	900
329109	901
367950	902
340907	903
78	904
182177	905
109241	906
96606	907
774861	908
204633	909
104604	910
16637	911
241076	912
96089	913
194606	914
1594854	915
96569	916
887900	917
72861	918
202678	919
111193	920
175434	921
349850	922
182425	923
206472	924
498396	925
209358	926
35918	927
191592	928
9490	929
5810	930
171710	931
190704	932
204518	933
251267	934
75255	935
233157	936
137064	937
132923	938
37920	939
109151	940
514794	941
84410	942
1590577	943
13395	944
100691	945
12424	946
1646955	947
1296005	948
367506	949
18637	950
154837	951
17040	952
217797	953
17969	954
717212	955
334608	956
93831	957
382382	958
338138	959
135483	960
33477	961
265191	962
140980	963
82893	964
75321	965
416217	966
187958	967
73067	968
1088527	969
253581	970
97991	971
188659	972
187609	973
360872	974
351932	975
799313	976
264103	977
13167	978
269019	979
130139	980
1023569	981
296890	982
204854	983
262577	984
225037	985
1791068	986
21233	987
71270	988
293289	989
180757	990
364371	991
5995	992
642317	993
206469	994
85034	995
235873	996
92546	997
192044	998
854693	999
54971	1000
206461	1001
319645	1002
1784853	1003
39628	1004
193568	1005
19181	1006
24641	1007
93951	1008
51869	1009
248357	1010
1027578	1011
177725	1012
159490	1013
1669409	1014
726406	1015
257495	1016
1924636	1017
174935	1018
1740620	1019
285521	1020
193869	1021
56457	1022
584254	1023
1808493	1024
756299	1025
408956	1026
263312	1027
45174	1028
373970	1029
32430	1030
208491	1031
71059	1032
82948	1033
1860812	1034
1616673	1035
60393	1036
141697	1037
698658	1038
126270	1039
1639573	1040
155034	1041
12492	1042
509848	1043
285213	1044
145861	1045
16267	1046
131320	1047
137607	1048
42610	1049
536620	1050
116296	1051
366300	1052
1046810	1053
924299	1054
1641622	1055
55495	1056
322075	1057
366247	1058
65771	1059
96149	1060
224807	1061
150658	1062
245478	1063
316484	1064
119492	1065
184103	1066
227491	1067
413260	1068
977675	1069
178447	1070
462410	1071
8637	1072
156891	1073
227329	1074
1492227	1075
53178	1076
219623	1077
53466	1078
154303	1079
1615545	1080
58499	1081
385383	1082
389863	1083
269556	1084
1323	1085
253811	1086
1041209	1087
477279	1088
53845	1089
150088	1090
308409	1091
501143	1092
115373	1093
289309	1094
1286290	1095
134316	1096
125209	1097
649649	1098
1569817	1099
857149	1100
110452	1101
391917	1102
126601	1103
1262730	1104
215167	1105
211015	1106
177907	1107
188817	1108
423958	1109
186044	1110
179650	1111
942156	1112
118975	1113
346206	1114
369141	1115
824032	1116
617792	1117
1691245	1118
232307	1119
676032	1120
1412731	1121
123064	1122
951592	1123
382075	1124
149893	1125
123887	1126
51309	1127
270561	1128
134117	1129
1193248	1130
136291	1131
151377	1132
566690	1133
745243	1134
171161	1135
9646	1136
34715	1137
1445152	1138
194546	1139
1768709	1140
585944	1141
67626	1142
362984	1143
380187	1144
154258	1145
165043	1146
698412	1147
1146216	1148
172918	1149
107026	1150
37269	1151
210054	1152
229626	1153
1026119	1154
208245	1155
685017	1156
752808	1157
256021	1158
100090	1159
882730	1160
588032	1161
933239	1162
109324	1163
142649	1164
73523	1165
863548	1166
109575	1167
423487	1168
301216	1169
86056	1170
410816	1171
77395	1172
60941	1173
138684	1174
339106	1175
354357	1176
142708	1177
5966	1178
82895	1179
74385	1180
443780	1181
916753	1182
444848	1183
240054	1184
217973	1185
117299	1186
130406	1187
233864	1188
198593	1189
72059	1190
2130332	1191
146882	1192
144931	1193
31976	1194
32085	1195
33481	1196
314245	1197
18331	1198
1169163	1199
749321	1200
256310	1201
239961	1202
134472	1203
96413	1204
20369	1205
215942	1206
6104	1207
67851	1208
9017	1209
70811	1210
250987	1211
189510	1212
108717	1213
61216	1214
164011	1215
132547	1216
133185	1217
1660757	1218
52731	1219
81294	1220
70190	1221
907555	1222
105410	1223
346588	1224
30694	1225
706932	1226
751874	1227
2532	1228
1077833	1229
202797	1230
66904	1231
834740	1232
71012	1233
12598	1234
1120840	1235
1651419	1236
110293	1237
252362	1238
225508	1239
93712	1240
26916	1241
399912	1242
38100	1243
196508	1244
600594	1245
1514894	1246
1255946	1247
374266	1248
55455	1249
5523	1250
145591	1251
142918	1252
313270	1253
135404	1254
150015	1255
167511	1256
360730	1257
137277	1258
134931	1259
2152056	1260
141865	1261
782184	1262
283385	1263
8122	1264
31236	1265
79735	1266
31763	1267
314355	1268
392067	1269
78340	1270
200383	1271
226467	1272
732912	1273
60861	1274
228812	1275
51241	1276
152066	1277
424583	1278
632953	1279
1416803	1280
1221040	1281
172690	1282
114562	1283
44337	1284
16624	1285
943496	1286
75089	1287
380203	1288
188666	1289
52645	1290
117244	1291
106432	1292
258734	1293
84475	1294
159372	1295
1039549	1296
1732730	1297
157974	1298
267631	1299
38771	1300
203995	1301
1855487	1302
106496	1303
172659	1304
60011	1305
425372	1306
71806	1307
282131	1308
1412103	1309
90110	1310
260463	1311
621346	1312
166685	1313
167138	1314
172514	1315
58643	1316
68470	1317
59321	1318
711419	1319
34062	1320
209415	1321
203800	1322
97343	1323
551500	1324
852090	1325
475265	1326
215587	1327
349425	1328
152631	1329
58	1330
460285	1331
220474	1332
181448	1333
125098	1334
569531	1335
70606	1336
1628221	1337
107517	1338
142859	1339
332422	1340
1563435	1341
247423	1342
300045	1343
1888817	1344
22468	1345
252386	1346
766123	1347
1258051	1348
259201	1349
800224	1350
463252	1351
197217	1352
660672	1353
12402	1354
368888	1355
16285	1356
329831	1357
144034	1358
132513	1359
44157	1360
1371652	1361
72874	1362
515369	1363
226204	1364
228606	1365
54985	1366
119808	1367
57126	1368
257087	1369
83121	1370
149915	1371
321422	1372
172141	1373
364623	1374
144787	1375
321113	1376
50696	1377
62778	1378
201210	1379
111873	1380
132245	1381
319232	1382
1874059	1383
87048	1384
115410	1385
35397	1386
648351	1387
287424	1388
91656	1389
195185	1390
92568	1391
1828912	1392
41551	1393
528	1394
448	1395
32932	1396
1009722	1397
108866	1398
94430	1399
394943	1400
98041	1401
58995	1402
78703	1403
1543079	1404
25827	1405
820538	1406
54	1407
58328	1408
136266	1409
178625	1410
1046692	1411
866988	1412
74113	1413
507153	1414
124720	1415
120609	1416
12343	1417
27331	1418
178935	1419
159927	1420
324041	1421
133391	1422
151276	1423
670594	1424
58500	1425
384851	1426
539022	1427
805963	1428
1660904	1429
444719	1430
21596	1431
1075127	1432
52018	1433
123234	1434
72740	1435
232079	1436
340744	1437
804894	1438
791124	1439
581524	1440
1012859	1441
126658	1442
1216460	1443
80837	1444
150073	1445
225428	1446
172075	1447
439085	1448
354395	1449
217790	1450
602912	1451
151713	1452
34379	1453
79587	1454
184932	1455
78088	1456
889	1457
34573	1458
245258	1459
1225078	1460
243164	1461
9275	1462
124964	1463
75063	1464
122864	1465
73187	1466
60589	1467
410417	1468
168005	1469
221750	1470
231740	1471
1089128	1472
996247	1473
183380	1474
1562920	1475
1564583	1476
53584	1477
585157	1478
28750	1479
482412	1480
122813	1481
769656	1482
1877	1483
87896	1484
287331	1485
132998	1486
349281	1487
292716	1488
215886	1489
179174	1490
171911	1491
1641865	1492
19785	1493
52143	1494
1334941	1495
710548	1496
10967	1497
126310	1498
5232	1499
165603	1500
111574	1501
810863	1502
47890	1503
1218600	1504
187101	1505
229254	1506
181586	1507
82324	1508
46325	1509
13541	1510
17623	1511
198497	1512
55774	1513
801150	1514
534279	1515
119481	1516
95293	1517
126363	1518
204693	1519
162409	1520
3551	1521
87504	1522
836475	1523
189792	1524
1021405	1525
76065	1526
150663	1527
49130	1528
685911	1529
708993	1530
21898	1531
6803	1532
191928	1533
1077547	1534
56562	1535
206655	1536
1915009	1537
122051	1538
755370	1539
83297	1540
159452	1541
36866	1542
1236515	1543
1067356	1544
286742	1545
380024	1546
66782	1547
176825	1548
1594522	1549
128818	1550
34658	1551
92096	1552
413507	1553
150757	1554
211910	1555
266189	1556
285861	1557
246100	1558
1397312	1559
6034	1560
702698	1561
368875	1562
279234	1563
121820	1564
489767	1565
418450	1566
122850	1567
124820	1568
164756	1569
180714	1570
137439	1571
463766	1572
181703	1573
196366	1574
2127492	1575
514475	1576
1926543	1577
181471	1578
290237	1579
1126839	1580
750041	1581
635596	1582
1314514	1583
20948	1584
935575	1585
95755	1586
5442	1587
192162	1588
1359861	1589
171697	1590
747349	1591
199116	1592
161789	1593
112377	1594
253977	1595
317657	1596
364474	1597
84579	1598
334424	1599
261428	1600
205962	1601
1839895	1602
104557	1603
208216	1604
13621	1605
1378786	1606
224367	1607
74637	1608
1506552	1609
1100094	1610
7078	1611
459989	1612
1356	1613
1112020	1614
277576	1615
1506689	1616
1498	1617
74881	1618
44880	1619
1105848	1620
2069333	1621
150468	1622
1986484	1623
367955	1624
951661	1625
1152707	1626
335124	1627
37440	1628
107334	1629
287801	1630
517397	1631
1436134	1632
170904	1633
4877	1634
113895	1635
107610	1636
130153	1637
75307	1638
935578	1639
494855	1640
184002	1641
1602280	1642
101112	1643
169781	1644
299828	1645
15844	1646
49107	1647
84954	1648
1305814	1649
116987	1650
202651	1651
71949	1652
155705	1653
99176	1654
112088	1655
69256	1656
823191	1657
1307528	1658
179004	1659
67271	1660
84713	1661
156003	1662
203952	1663
295517	1664
1995284	1665
271857	1666
90065	1667
917580	1668
208384	1669
141948	1670
1029180	1671
140293	1672
1345432	1673
158706	1674
204800	1675
1412657	1676
53586	1677
414861	1678
581911	1679
652011	1680
120130	1681
113209	1682
25964	1683
271952	1684
861888	1685
265896	1686
232133	1687
72852	1688
1293883	1689
907963	1690
40717	1691
394460	1692
30094	1693
192118	1694
162853	1695
257700	1696
542885	1697
105030	1698
84443	1699
15452	1700
1245099	1701
15964	1702
391864	1703
85176	1704
155403	1705
151356	1706
52549	1707
17233	1708
1592817	1709
283704	1710
2055697	1711
41169	1712
8684	1713
1830963	1714
604118	1715
109338	1716
83066	1717
896461	1718
149992	1719
1546596	1720
215661	1721
60672	1722
585798	1723
206922	1724
435666	1725
169363	1726
120582	1727
1234315	1728
151196	1729
45743	1730
61599	1731
1048261	1732
786984	1733
110189	1734
1096110	1735
373575	1736
212394	1737
46338	1738
427889	1739
650087	1740
217581	1741
97542	1742
30937	1743
257651	1744
298446	1745
189135	1746
288058	1747
262673	1748
671143	1749
240281	1750
13258	1751
211472	1752
548053	1753
21264	1754
402681	1755
36413	1756
1324662	1757
9589	1758
1061022	1759
60748	1760
196783	1761
99267	1762
981369	1763
415166	1764
9049	1765
310308	1766
112756	1767
228945	1768
216449	1769
58590	1770
647950	1771
22199	1772
1844384	1773
119090	1774
65535	1775
89753	1776
1082096	1777
2021817	1778
204551	1779
894693	1780
247568	1781
116524	1782
228943	1783
79439	1784
181019	1785
212464	1786
922956	1787
29918	1788
147983	1789
852189	1790
130805	1791
56430	1792
768070	1793
166000	1794
186621	1795
77392	1796
734228	1797
364812	1798
1533047	1799
45192	1800
561994	1801
107290	1802
176995	1803
311164	1804
2042748	1805
123985	1806
78988	1807
187178	1808
23012	1809
190744	1810
113728	1811
66568	1812
994670	1813
116713	1814
84235	1815
65548	1816
75206	1817
316367	1818
71072	1819
51756	1820
46432	1821
22515	1822
236148	1823
398197	1824
1178316	1825
15896	1826
114856	1827
165930	1828
1849922	1829
873866	1830
140023	1831
89681	1832
145342	1833
221484	1834
778063	1835
545084	1836
855404	1837
187318	1838
24045	1839
135541	1840
1159444	1841
8192	1842
444340	1843
441183	1844
168595	1845
86183	1846
202048	1847
61779	1848
1217200	1849
422015	1850
29211	1851
2021867	1852
87279	1853
80438	1854
105381	1855
247095	1856
50905	1857
566614	1858
274829	1859
53320	1860
360548	1861
24100	1862
1133970	1863
992366	1864
48667	1865
674494	1866
237226	1867
1006920	1868
323417	1869
217552	1870
42872	1871
133791	1872
574908	1873
63890	1874
43674	1875
980020	1876
33075	1877
1671332	1878
312928	1879
635333	1880
182920	1881
283521	1882
348057	1883
30691	1884
700630	1885
1443204	1886
3622	1887
930012	1888
299167	1889
682094	1890
258652	1891
212198	1892
23001	1893
349916	1894
1966412	1895
105362	1896
305894	1897
240631	1898
72993	1899
909816	1900
131393	1901
1008065	1902
47103	1903
155920	1904
527359	1905
345326	1906
396891	1907
97316	1908
1392817	1909
603233	1910
294411	1911
1311789	1912
81309	1913
1221968	1914
1654517	1915
91962	1916
345264	1917
722849	1918
1049731	1919
1365404	1920
12399	1921
26511	1922
29692	1923
68538	1924
109403	1925
30259	1926
714815	1927
1651473	1928
222875	1929
1221163	1930
18431	1931
82120	1932
45553	1933
78604	1934
177283	1935
111813	1936
125515	1937
364412	1938
140408	1939
43311	1940
297623	1941
61161	1942
578383	1943
163789	1944
73842	1945
495005	1946
701823	1947
237066	1948
199865	1949
1402791	1950
64415	1951
61956	1952
10429	1953
77982	1954
94941	1955
1039049	1956
78439	1957
349248	1958
551725	1959
1005693	1960
10716	1961
7759	1962
74875	1963
864018	1964
122142	1965
183072	1966
620151	1967
1133300	1968
1395628	1969
118201	1970
160694	1971
275064	1972
423227	1973
495966	1974
92565	1975
1182624	1976
1472533	1977
10871	1978
61851	1979
349835	1980
295005	1981
695841	1982
257223	1983
1690418	1984
71466	1985
80787	1986
1563336	1987
994598	1988
1269968	1989
11891	1990
157483	1991
91257	1992
292370	1993
176684	1994
653109	1995
1160452	1996
414060	1997
412581	1998
697945	1999
61894	2000
962399	2001
174220	2002
939215	2003
67854	2004
156864	2005
110592	2006
1795830	2007
179247	2008
1209256	2009
189040	2010
31329	2011
74584	2012
578062	2013
4027	2014
13798	2015
1201478	2016
319	2017
1256762	2018
128204	2019
1251938	2020
182809	2021
2177	2022
630289	2023
57415	2024
130960	2025
942656	2026
267188	2027
4597	2028
530003	2029
48247	2030
220950	2031
229371	2032
352905	2033
30962	2034
63482	2035
46425	2036
136611	2037
345601	2038
61629	2039
1167892	2040
313842	2041
12699	2042
358705	2043
1688912	2044
105829	2045
161061	2046
109232	2047
1389857	2048
398124	2049
31238	2050
627973	2051
189388	2052
497867	2053
155825	2054
100179	2055
132353	2056
210450	2057
192305	2058
406819	2059
31102	2060
136434	2061
203769	2062
212546	2063
114980	2064
144754	2065
1320605	2066
27898	2067
3566	2068
35846	2069
1613440	2070
5602	2071
779610	2072
597281	2073
178409	2074
1541650	2075
1057	2076
162161	2077
396243	2078
526400	2079
383407	2080
4595	2081
93913	2082
564742	2083
208928	2084
46004	2085
220659	2086
158163	2087
1140251	2088
1408295	2089
18535	2090
124629	2091
415554	2092
1196250	2093
356708	2094
1372425	2095
114775	2096
8095	2097
161116	2098
261730	2099
530598	2100
141426	2101
254919	2102
751619	2103
352888	2104
217841	2105
179392	2106
1720114	2107
171446	2108
98228	2109
18073	2110
68037	2111
98615	2112
495744	2113
209456	2114
4161	2115
2150328	2116
257515	2117
6138	2118
634853	2119
84314	2120
179517	2121
1689300	2122
291529	2123
8169	2124
687609	2125
312563	2126
581	2127
1011064	2128
21391	2129
88833	2130
214179	2131
230610	2132
205117	2133
91418	2134
1795878	2135
176852	2136
223813	2137
202721	2138
1304187	2139
85514	2140
402949	2141
1412147	2142
709800	2143
352683	2144
339768	2145
11378	2146
572791	2147
284273	2148
404522	2149
178746	2150
214673	2151
552647	2152
170664	2153
100690	2154
1258324	2155
582348	2156
280137	2157
2078298	2158
1459784	2159
424771	2160
801045	2161
595891	2162
169510	2163
272374	2164
175939	2165
161442	2166
81442	2167
31398	2168
1225706	2169
58240	2170
45240	2171
75487	2172
92741	2173
80590	2174
304940	2175
6723	2176
538136	2177
1389	2178
231778	2179
99162	2180
28116	2181
26549	2182
326334	2183
535	2184
2046359	2185
161976	2186
80889	2187
243943	2188
17124	2189
699240	2190
20383	2191
211812	2192
201469	2193
146386	2194
1315041	2195
144048	2196
681144	2197
290289	2198
118944	2199
480228	2200
84698	2201
30565	2202
869396	2203
325444	2204
1060145	2205
124230	2206
197306	2207
149641	2208
1296220	2209
180233	2210
125368	2211
99520	2212
224420	2213
219649	2214
85965	2215
651859	2216
184756	2217
50539	2218
1860489	2219
109642	2220
952214	2221
35700	2222
474727	2223
662953	2224
178522	2225
81237	2226
729662	2227
45169	2228
392668	2229
21896	2230
88602	2231
448490	2232
1260431	2233
1548875	2234
728265	2235
711323	2236
404491	2237
38012	2238
207852	2239
127961	2240
169122	2241
1067936	2242
161560	2243
758428	2244
155944	2245
85656	2246
202936	2247
132053	2248
52886	2249
48335	2250
190024	2251
104911	2252
157064	2253
52506	2254
196929	2255
549095	2256
947925	2257
1901090	2258
71158	2259
523778	2260
141671	2261
1115438	2262
477499	2263
52803	2264
682741	2265
328999	2266
110954	2267
126786	2268
204934	2269
167234	2270
1503805	2271
371447	2272
234725	2273
95540	2274
280195	2275
1037437	2276
159704	2277
157849	2278
223012	2279
76420	2280
667992	2281
482916	2282
319338	2283
1513575	2284
1054638	2285
196827	2286
825875	2287
1413300	2288
452446	2289
143668	2290
218271	2291
4957	2292
900604	2293
215187	2294
81379	2295
224468	2296
552550	2297
202975	2298
173663	2299
38193	2300
103719	2301
140497	2302
1561161	2303
77598	2304
19941	2305
392722	2306
362667	2307
34391	2308
32524	2309
305256	2310
51332	2311
966874	2312
404648	2313
2066489	2314
89127	2315
700000	2316
163898	2317
215722	2318
33198	2319
125122	2320
726525	2321
547808	2322
21328	2323
111613	2324
1395896	2325
221560	2326
89241	2327
253770	2328
234897	2329
279220	2330
275567	2331
148753	2332
1056213	2333
235535	2334
1173145	2335
50620	2336
55842	2337
53570	2338
63915	2339
80761	2340
29446	2341
665540	2342
223956	2343
239597	2344
1323160	2345
6002	2346
207083	2347
169778	2348
226668	2349
1396918	2350
403875	2351
25107	2352
180597	2353
1641871	2354
127687	2355
1295514	2356
125611	2357
46820	2358
400715	2359
131529	2360
752923	2361
675167	2362
75546	2363
53280	2364
109741	2365
341559	2366
441280	2367
1549232	2368
499000	2369
229473	2370
143230	2371
322573	2372
95413	2373
217298	2374
120242	2375
287329	2376
110197	2377
883073	2378
264803	2379
173934	2380
147866	2381
1301481	2382
38691	2383
302810	2384
217686	2385
258504	2386
217845	2387
1826769	2388
100649	2389
32145	2390
98780	2391
81171	2392
183888	2393
121923	2394
6340	2395
348761	2396
1665020	2397
1337218	2398
111636	2399
534632	2400
741651	2401
120022	2402
256435	2403
1897659	2404
712892	2405
292358	2406
1023261	2407
204670	2408
229134	2409
166607	2410
691795	2411
149908	2412
183423	2413
236356	2414
34304	2415
85306	2416
139185	2417
1924356	2418
181750	2419
15529	2420
1495582	2421
368101	2422
50152	2423
252292	2424
195154	2425
542158	2426
789022	2427
354000	2428
136367	2429
206228	2430
83150	2431
215974	2432
450724	2433
64291	2434
294573	2435
1346908	2436
105402	2437
384079	2438
313296	2439
218993	2440
94929	2441
101820	2442
309231	2443
15327	2444
80607	2445
1204087	2446
165968	2447
295045	2448
247348	2449
287096	2450
326070	2451
1041042	2452
265537	2453
1474025	2454
1216837	2455
933730	2456
728689	2457
24589	2458
973160	2459
286347	2460
17855	2461
1699504	2462
517113	2463
1842668	2464
161055	2465
110849	2466
247656	2467
108656	2468
62702	2469
2999	2470
52276	2471
132958	2472
63228	2473
110296	2474
209634	2475
957251	2476
842720	2477
785069	2478
178513	2479
2008056	2480
220681	2481
178084	2482
382089	2483
871045	2484
819327	2485
919866	2486
244891	2487
1578368	2488
155995	2489
116395	2490
1885060	2491
171437	2492
99511	2493
176754	2494
53516	2495
277407	2496
2042929	2497
121812	2498
69034	2499
76019	2500
42995	2501
162587	2502
45621	2503
117760	2504
249711	2505
1344686	2506
260023	2507
1245328	2508
112394	2509
170763	2510
345488	2511
1404	2512
1456933	2513
292472	2514
93953	2515
121464	2516
232155	2517
336312	2518
730928	2519
339400	2520
370228	2521
142385	2522
883535	2523
1520695	2524
1712594	2525
38607	2526
769766	2527
97368	2528
261252	2529
9888	2530
184816	2531
117074	2532
108031	2533
875605	2534
549910	2535
1191911	2536
697339	2537
39650	2538
1233331	2539
434987	2540
169374	2541
94671	2542
21179	2543
244372	2544
1452219	2545
1094649	2546
1694577	2547
1739937	2548
874082	2549
394865	2550
264377	2551
890625	2552
2330	2553
82727	2554
81203	2555
448535	2556
214283	2557
438415	2558
213501	2559
61291	2560
6158	2561
77073	2562
476694	2563
1312040	2564
3592	2565
74365	2566
23816	2567
526799	2568
2051866	2569
1976462	2570
19620	2571
1066933	2572
329070	2573
751321	2574
339058	2575
1007685	2576
482194	2577
1440157	2578
94341	2579
175063	2580
1966624	2581
54015	2582
478840	2583
1168433	2584
218034	2585
120225	2586
21905	2587
93959	2588
235256	2589
812514	2590
830183	2591
197685	2592
228793	2593
156684	2594
1630511	2595
34858	2596
1065129	2597
48679	2598
86023	2599
92153	2600
224895	2601
1057151	2602
54437	2603
1120877	2604
27761	2605
282488	2606
640117	2607
548590	2608
1733330	2609
1268577	2610
22660	2611
111819	2612
193564	2613
536961	2614
1780517	2615
1643778	2616
122201	2617
182038	2618
1681340	2619
108975	2620
268176	2621
358919	2622
1167383	2623
127228	2624
872877	2625
20186	2626
129278	2627
55983	2628
31529	2629
57629	2630
1069965	2631
107705	2632
49145	2633
89511	2634
1442541	2635
35645	2636
45841	2637
1222570	2638
196130	2639
45179	2640
1642086	2641
60933	2642
940337	2643
293741	2644
7797	2645
196426	2646
375144	2647
323193	2648
94578	2649
190612	2650
142287	2651
82029	2652
255933	2653
23402	2654
514892	2655
78253	2656
404345	2657
145282	2658
71779	2659
257207	2660
1859695	2661
139256	2662
148225	2663
99700	2664
1585139	2665
97676	2666
428046	2667
337264	2668
463347	2669
1263827	2670
198654	2671
190676	2672
81978	2673
208205	2674
555327	2675
33731	2676
1925918	2677
603855	2678
130373	2679
240109	2680
203456	2681
66645	2682
260948	2683
748156	2684
656913	2685
1910711	2686
231550	2687
187898	2688
1177647	2689
59997	2690
126334	2691
114180	2692
20141	2693
56600	2694
682748	2695
228533	2696
1469218	2697
285520	2698
309852	2699
1053784	2700
10837	2701
199936	2702
75274	2703
79378	2704
501636	2705
576124	2706
1281954	2707
764311	2708
93763	2709
295271	2710
447288	2711
445727	2712
2133654	2713
85522	2714
1946207	2715
308398	2716
66216	2717
299328	2718
469028	2719
20640	2720
184173	2721
6094	2722
247855	2723
133066	2724
243899	2725
711551	2726
51896	2727
1454430	2728
1477990	2729
154027	2730
101248	2731
433991	2732
93203	2733
104600	2734
217832	2735
303773	2736
63853	2737
18567	2738
249489	2739
1648590	2740
91644	2741
272815	2742
65067	2743
89514	2744
896393	2745
176869	2746
146232	2747
174500	2748
6114	2749
1272672	2750
150050	2751
343009	2752
584907	2753
203671	2754
178697	2755
61649	2756
13647	2757
1027226	2758
1063	2759
2291	2760
5499	2761
5421	2762
95220	2763
185099	2764
48297	2765
137034	2766
225176	2767
1510429	2768
447957	2769
203870	2770
67489	2771
134842	2772
88333	2773
144279	2774
1493436	2775
501736	2776
639869	2777
42837	2778
806953	2779
874014	2780
471298	2781
80523	2782
159837	2783
1654013	2784
1770036	2785
190690	2786
565307	2787
1852969	2788
154188	2789
376068	2790
16273	2791
273421	2792
266548	2793
511585	2794
29448	2795
1713676	2796
283087	2797
211710	2798
2009	2799
922538	2800
639233	2801
572425	2802
1392749	2803
1316942	2804
720971	2805
1131404	2806
447092	2807
39218	2808
622147	2809
5975	2810
385595	2811
129359	2812
4786	2813
378439	2814
711213	2815
90215	2816
101852	2817
550411	2818
90283	2819
235194	2820
929640	2821
678948	2822
237438	2823
2134629	2824
345966	2825
214186	2826
177449	2827
404871	2828
183758	2829
110789	2830
214873	2831
1453233	2832
124533	2833
46905	2834
694295	2835
118720	2836
1286747	2837
1358329	2838
81063	2839
785617	2840
1711459	2841
1752778	2842
531328	2843
242016	2844
81159	2845
75081	2846
102516	2847
245632	2848
17609	2849
127475	2850
70956	2851
112897	2852
263840	2853
227067	2854
240029	2855
178724	2856
53450	2857
86141	2858
338375	2859
1709016	2860
339312	2861
765757	2862
48526	2863
359756	2864
46438	2865
1678997	2866
27728	2867
194963	2868
38924	2869
32212	2870
43183	2871
1570777	2872
1218157	2873
402543	2874
279179	2875
198106	2876
424124	2877
212525	2878
242235	2879
748387	2880
145701	2881
559380	2882
19255	2883
15982	2884
79486	2885
335567	2886
56143	2887
937900	2888
366523	2889
65850	2890
1177300	2891
1551855	2892
347899	2893
192430	2894
644718	2895
103905	2896
95857	2897
1040226	2898
48014	2899
330277	2900
84610	2901
303306	2902
198906	2903
1511888	2904
151112	2905
171511	2906
28070	2907
782922	2908
477450	2909
1471582	2910
222854	2911
699696	2912
546785	2913
861973	2914
194581	2915
163130	2916
1249176	2917
665042	2918
27261	2919
420334	2920
492299	2921
419692	2922
183556	2923
952766	2924
802484	2925
833884	2926
801669	2927
420031	2928
72285	2929
327830	2930
228307	2931
1447449	2932
23293	2933
203156	2934
226666	2935
203201	2936
382334	2937
658318	2938
215292	2939
143536	2940
2108436	2941
124776	2942
1642141	2943
81698	2944
43687	2945
1014356	2946
119552	2947
226912	2948
1273007	2949
291848	2950
4390	2951
126801	2952
299151	2953
540908	2954
217970	2955
147794	2956
23342	2957
157637	2958
475824	2959
14732	2960
23062	2961
105395	2962
179194	2963
104659	2964
1532303	2965
267652	2966
43876	2967
103684	2968
1859	2969
32793	2970
13627	2971
757798	2972
1852867	2973
100692	2974
126117	2975
1211320	2976
20372	2977
1071116	2978
1299392	2979
115054	2980
157811	2981
212725	2982
1397315	2983
163498	2984
160683	2985
634940	2986
281355	2987
647887	2988
1675782	2989
977410	2990
328491	2991
366861	2992
127364	2993
302337	2994
48220	2995
110320	2996
208087	2997
531829	2998
191179	2999
192462	3000
13268	3001
121015	3002
108050	3003
101091	3004
1647813	3005
1420424	3006
268105	3007
1495449	3008
186066	3009
1588150	3010
387599	3011
352747	3012
687695	3013
407255	3014
85812	3015
1607420	3016
1000872	3017
115574	3018
200963	3019
1577797	3020
1637234	3021
150077	3022
153436	3023
147154	3024
1951351	3025
167034	3026
359676	3027
71372	3028
138361	3029
33183	3030
105850	3031
93214	3032
1007351	3033
1294316	3034
1093968	3035
41977	3036
575482	3037
778743	3038
264474	3039
910025	3040
307518	3041
878909	3042
472558	3043
87994	3044
223258	3045
84559	3046
286303	3047
225490	3048
243312	3049
1881577	3050
381683	3051
631191	3052
310199	3053
284003	3054
1229473	3055
161180	3056
156167	3057
137312	3058
812703	3059
324838	3060
267950	3061
363638	3062
192889	3063
182872	3064
1866536	3065
1516127	3066
207204	3067
1365098	3068
993723	3069
61103	3070
175435	3071
154593	3072
608243	3073
574532	3074
108197	3075
465216	3076
635331	3077
483423	3078
1270712	3079
1355723	3080
119893	3081
835940	3082
335092	3083
189466	3084
119321	3085
186553	3086
1896291	3087
1298567	3088
740594	3089
78374	3090
1505379	3091
162519	3092
12242	3093
167896	3094
22706	3095
68215	3096
8348	3097
170345	3098
97271	3099
785344	3100
207354	3101
107902	3102
41727	3103
444700	3104
914197	3105
288787	3106
649203	3107
1354841	3108
554719	3109
73256	3110
96786	3111
91804	3112
859078	3113
351619	3114
105787	3115
1847324	3116
316063	3117
319171	3118
426071	3119
1341356	3120
210435	3121
1010107	3122
41864	3123
1593193	3124
2087934	3125
314340	3126
318103	3127
562121	3128
11892	3129
140739	3130
240014	3131
1379537	3132
922414	3133
33216	3134
1678699	3135
61020	3136
45152	3137
183889	3138
1548964	3139
192677	3140
4703	3141
1052324	3142
155744	3143
82387	3144
47497	3145
168224	3146
277888	3147
122853	3148
450193	3149
108674	3150
903110	3151
27354	3152
83045	3153
9650	3154
1212954	3155
95555	3156
120039	3157
1637761	3158
121416	3159
149093	3160
89237	3161
268945	3162
264232	3163
92140	3164
269198	3165
508838	3166
129722	3167
767556	3168
377486	3169
432334	3170
285638	3171
357910	3172
1042043	3173
435843	3174
1708079	3175
31900	3176
96865	3177
4279	3178
262598	3179
224522	3180
214723	3181
249569	3182
1737650	3183
169672	3184
888648	3185
242110	3186
110346	3187
401345	3188
76866	3189
601947	3190
57890	3191
448039	3192
45288	3193
207327	3194
108988	3195
77652	3196
128290	3197
1517365	3198
1552207	3199
347123	3200
24923	3201
209805	3202
1671941	3203
1399261	3204
1415826	3205
1002026	3206
252467	3207
512075	3208
1607010	3209
217454	3210
1342410	3211
1643107	3212
335116	3213
295486	3214
185988	3215
102721	3216
24601	3217
98561	3218
137015	3219
54678	3220
54499	3221
176503	3222
92881	3223
1889459	3224
30419	3225
1087745	3226
1060671	3227
190920	3228
43375	3229
51947	3230
95339	3231
216794	3232
222285	3233
365899	3234
448383	3235
12441	3236
111856	3237
110207	3238
109774	3239
185429	3240
180657	3241
71805	3242
307832	3243
480287	3244
2423	3245
78483	3246
888753	3247
90547	3248
372213	3249
665914	3250
208461	3251
126555	3252
252081	3253
1535115	3254
274235	3255
599015	3256
104277	3257
173980	3258
1472	3259
19678	3260
224322	3261
81134	3262
357337	3263
124909	3264
209788	3265
200128	3266
32123	3267
130326	3268
966100	3269
68096	3270
1634181	3271
1899626	3272
1508844	3273
75991	3274
83195	3275
76239	3276
241273	3277
21382	3278
1159715	3279
113043	3280
772990	3281
84046	3282
43452	3283
2113198	3284
9071	3285
237983	3286
1156090	3287
480303	3288
347370	3289
751668	3290
688954	3291
553369	3292
174692	3293
116696	3294
104516	3295
538830	3296
13389	3297
948694	3298
97922	3299
1486209	3300
192504	3301
173624	3302
84777	3303
42904	3304
40263	3305
134380	3306
1627957	3307
102200	3308
470568	3309
95621	3310
186441	3311
567393	3312
295629	3313
585423	3314
54836	3315
1757131	3316
802150	3317
381228	3318
104050	3319
311798	3320
148220	3321
65052	3322
83928	3323
62241	3324
1207189	3325
89531	3326
619227	3327
1641606	3328
392313	3329
595591	3330
159694	3331
1500198	3332
87593	3333
800100	3334
1039453	3335
132734	3336
2452	3337
4907	3338
288974	3339
36785	3340
374283	3341
333536	3342
402771	3343
99759	3344
102032	3345
89812	3346
143345	3347
254504	3348
1095056	3349
633332	3350
310528	3351
31018	3352
153392	3353
183850	3354
1409053	3355
72160	3356
1966910	3357
138606	3358
91610	3359
544182	3360
1941108	3361
109199	3362
347157	3363
11150	3364
43316	3365
79555	3366
1050733	3367
40844	3368
890882	3369
176151	3370
635394	3371
148592	3372
1004258	3373
58912	3374
259900	3375
1209309	3376
116699	3377
371117	3378
448758	3379
241074	3380
1398995	3381
73820	3382
122882	3383
173765	3384
358678	3385
1551146	3386
625808	3387
2087087	3388
1159390	3389
452522	3390
636067	3391
272664	3392
814904	3393
493487	3394
27083	3395
951179	3396
239907	3397
161082	3398
1070031	3399
104926	3400
199785	3401
1060878	3402
78285	3403
17476	3404
1253583	3405
974574	3406
730304	3407
799059	3408
25277	3409
178493	3410
192656	3411
277468	3412
30658	3413
594489	3414
168894	3415
547812	3416
3209	3417
604764	3418
414774	3419
295866	3420
50244	3421
979236	3422
873649	3423
133718	3424
352631	3425
1211187	3426
1447862	3427
147998	3428
148057	3429
177940	3430
397816	3431
227802	3432
156210	3433
1974141	3434
100911	3435
77404	3436
394274	3437
830280	3438
594095	3439
128059	3440
671402	3441
178204	3442
388358	3443
207422	3444
132704	3445
153855	3446
127739	3447
665308	3448
311830	3449
48216	3450
118367	3451
1440071	3452
146396	3453
383869	3454
752278	3455
1060640	3456
156561	3457
993608	3458
54110	3459
134379	3460
54766	3461
390614	3462
224285	3463
308079	3464
272304	3465
196235	3466
16552	3467
1138621	3468
181276	3469
54328	3470
145027	3471
854	3472
1573641	3473
1073400	3474
206370	3475
122207	3476
190372	3477
961087	3478
82968	3479
2086370	3480
28489	3481
22993	3482
188641	3483
130022	3484
93065	3485
344602	3486
114748	3487
231941	3488
1179050	3489
1004796	3490
944425	3491
323312	3492
167858	3493
47331	3494
255737	3495
365741	3496
220603	3497
54189	3498
180217	3499
57267	3500
1245520	3501
1442126	3502
279015	3503
156090	3504
1098261	3505
73302	3506
12865	3507
44360	3508
794630	3509
539385	3510
73399	3511
33100	3512
31647	3513
1656553	3514
108466	3515
958748	3516
2106867	3517
69090	3518
4796	3519
40595	3520
873751	3521
59374	3522
171924	3523
237420	3524
275	3525
265550	3526
69578	3527
836684	3528
162573	3529
93184	3530
266975	3531
297838	3532
812593	3533
108507	3534
290234	3535
108723	3536
224200	3537
122914	3538
286712	3539
291690	3540
389470	3541
10040	3542
675361	3543
108246	3544
996319	3545
83067	3546
326398	3547
62570	3548
1770542	3549
160803	3550
154502	3551
11117	3552
85951	3553
227136	3554
118182	3555
92747	3556
219560	3557
2366	3558
33309	3559
45130	3560
7525	3561
368432	3562
92942	3563
1492393	3564
1196726	3565
111624	3566
1171976	3567
234208	3568
180632	3569
169059	3570
400980	3571
106696	3572
1450492	3573
73830	3574
1366532	3575
1647427	3576
1350697	3577
305072	3578
37714	3579
1175880	3580
105552	3581
287198	3582
330381	3583
40225	3584
1394158	3585
1400675	3586
201183	3587
1482702	3588
146543	3589
852640	3590
269965	3591
338083	3592
83714	3593
274051	3594
39651	3595
1194766	3596
365101	3597
202529	3598
436989	3599
130091	3600
1203290	3601
752912	3602
98982	3603
306362	3604
111750	3605
38482	3606
291580	3607
319890	3608
1018044	3609
261513	3610
329860	3611
561848	3612
49415	3613
1612599	3614
304834	3615
836805	3616
359088	3617
87614	3618
127921	3619
204074	3620
258117	3621
473114	3622
411546	3623
137394	3624
186383	3625
537615	3626
144307	3627
34802	3628
127045	3629
31607	3630
1446783	3631
1111039	3632
50834	3633
1705660	3634
290243	3635
95790	3636
420740	3637
171813	3638
178865	3639
151338	3640
975787	3641
21661	3642
4445	3643
468265	3644
97953	3645
75607	3646
17042	3647
139872	3648
125700	3649
2393	3650
1495963	3651
268419	3652
604087	3653
161714	3654
279634	3655
88088	3656
131560	3657
1303241	3658
1374199	3659
259717	3660
1182432	3661
109524	3662
100462	3663
91621	3664
107081	3665
595663	3666
313275	3667
324983	3668
47573	3669
19538	3670
211548	3671
320247	3672
1027582	3673
1958689	3674
1647048	3675
559994	3676
185506	3677
241468	3678
331144	3679
101316	3680
2028192	3681
1034551	3682
1791482	3683
436516	3684
48150	3685
72161	3686
116253	3687
1544581	3688
816253	3689
899760	3690
350247	3691
47843	3692
28828	3693
1721	3694
1590348	3695
245856	3696
1359669	3697
806	3698
207420	3699
1321287	3700
113465	3701
717651	3702
275332	3703
1829898	3704
291345	3705
512042	3706
6157	3707
1244376	3708
64231	3709
76830	3710
290107	3711
87201	3712
312033	3713
420209	3714
100158	3715
1671328	3716
428897	3717
394267	3718
12645	3719
420339	3720
163147	3721
278066	3722
198	3723
1744698	3724
260235	3725
123949	3726
33416	3727
268846	3728
32113	3729
184780	3730
1772955	3731
42144	3732
82200	3733
57883	3734
901453	3735
320080	3736
5987	3737
1180679	3738
137737	3739
51357	3740
220779	3741
114511	3742
10122	3743
77688	3744
511736	3745
302355	3746
114859	3747
64580	3748
422757	3749
117689	3750
220985	3751
6891	3752
141830	3753
705855	3754
770921	3755
439037	3756
70791	3757
182550	3758
753620	3759
37518	3760
37575	3761
67602	3762
19483	3763
101401	3764
151160	3765
253863	3766
209334	3767
209252	3768
100439	3769
1091439	3770
16527	3771
21610	3772
338212	3773
1434728	3774
263414	3775
187064	3776
1305970	3777
421213	3778
292031	3779
991195	3780
85342	3781
1026211	3782
201373	3783
61232	3784
86614	3785
313800	3786
134763	3787
68425	3788
169722	3789
148810	3790
450974	3791
445363	3792
200470	3793
728227	3794
48858	3795
902871	3796
177120	3797
194539	3798
263418	3799
2130904	3800
922898	3801
210453	3802
12195	3803
1367653	3804
152331	3805
1007216	3806
64650	3807
65176	3808
133016	3809
161573	3810
208641	3811
272102	3812
540852	3813
692905	3814
1154507	3815
54387	3816
53318	3817
1132677	3818
880426	3819
59326	3820
198968	3821
332472	3822
156794	3823
178664	3824
283214	3825
62082	3826
137935	3827
6871	3828
1370641	3829
506738	3830
160773	3831
98359	3832
44652	3833
74423	3834
44699	3835
547243	3836
34195	3837
941264	3838
1104271	3839
879703	3840
114086	3841
1446644	3842
109444	3843
205271	3844
23272	3845
389955	3846
146387	3847
156260	3848
78911	3849
857331	3850
996998	3851
111494	3852
1562284	3853
3748	3854
71794	3855
291800	3856
141687	3857
549549	3858
108608	3859
167701	3860
63764	3861
178217	3862
36848	3863
107542	3864
288514	3865
1538835	3866
178555	3867
133644	3868
335772	3869
97226	3870
18913	3871
315587	3872
186968	3873
170547	3874
1213785	3875
116931	3876
197776	3877
1721834	3878
176006	3879
994852	3880
951384	3881
85784	3882
20782	3883
483896	3884
889669	3885
776669	3886
966698	3887
1001089	3888
1285561	3889
112239	3890
1374351	3891
50369	3892
307152	3893
11156	3894
222257	3895
146548	3896
123932	3897
445164	3898
41438	3899
125168	3900
127826	3901
134938	3902
1024963	3903
1725794	3904
968330	3905
158496	3906
218065	3907
254170	3908
260717	3909
2040245	3910
181912	3911
7713	3912
171503	3913
1084706	3914
115050	3915
440913	3916
715189	3917
1425836	3918
1122047	3919
13091	3920
52838	3921
269767	3922
27315	3923
124047	3924
326666	3925
3843	3926
1037227	3927
383035	3928
1345426	3929
137486	3930
44605	3931
192053	3932
147328	3933
345609	3934
52214	3935
595022	3936
95548	3937
167785	3938
146195	3939
397995	3940
53269	3941
148581	3942
605651	3943
39728	3944
1415337	3945
231803	3946
131850	3947
1157476	3948
140985	3949
1209973	3950
22903	3951
169582	3952
787509	3953
243775	3954
494531	3955
47476	3956
380328	3957
171307	3958
96887	3959
1230079	3960
126237	3961
1543152	3962
225398	3963
57557	3964
967175	3965
102862	3966
453311	3967
102806	3968
500691	3969
706013	3970
61420	3971
1344506	3972
176447	3973
267997	3974
247545	3975
1213	3976
294727	3977
1482436	3978
220981	3979
859681	3980
125864	3981
521543	3982
742802	3983
1605934	3984
121252	3985
73997	3986
144404	3987
594674	3988
60494	3989
291812	3990
266502	3991
89148	3992
33828	3993
7152	3994
81002	3995
869342	3996
68292	3997
1338469	3998
2001444	3999
1176476	4000
482220	4001
887927	4002
145307	4003
173082	4004
144954	4005
36696	4006
373364	4007
9845	4008
333475	4009
1069064	4010
1615194	4011
71067	4012
517396	4013
64763	4014
651362	4015
115576	4016
668129	4017
350175	4018
15960	4019
37019	4020
207320	4021
125467	4022
11247	4023
369356	4024
1622072	4025
150721	4026
1286140	4027
71770	4028
58320	4029
335089	4030
480402	4031
144533	4032
1163208	4033
131855	4034
1289900	4035
102508	4036
119987	4037
649221	4038
294713	4039
301351	4040
1194779	4041
427650	4042
791919	4043
1982178	4044
94152	4045
709678	4046
130233	4047
3405	4048
303580	4049
20842	4050
172440	4051
140545	4052
98529	4053
57693	4054
210577	4055
1544674	4056
53054	4057
196167	4058
1169119	4059
1393267	4060
247883	4061
260306	4062
155252	4063
1086754	4064
955928	4065
863360	4066
178595	4067
1464871	4068
129906	4069
56265	4070
981552	4071
146290	4072
307265	4073
54057	4074
260547	4075
35791	4076
317942	4077
706246	4078
297436	4079
730174	4080
37017	4081
1374352	4082
80425	4083
256549	4084
674104	4085
267244	4086
47034	4087
155458	4088
1322955	4089
36643	4090
956786	4091
2088443	4092
695644	4093
244074	4094
116941	4095
28993	4096
172834	4097
420573	4098
188374	4099
345121	4100
364404	4101
60701	4102
575110	4103
100566	4104
67339	4105
29742	4106
295	4107
118735	4108
286223	4109
86357	4110
274405	4111
177500	4112
137590	4113
268696	4114
988667	4115
606943	4116
718856	4117
131328	4118
4039	4119
268392	4120
72967	4121
336887	4122
126956	4123
192287	4124
319717	4125
700194	4126
39019	4127
1181457	4128
116639	4129
13178	4130
1052743	4131
315443	4132
111857	4133
37659	4134
252769	4135
434560	4136
348049	4137
1007299	4138
113089	4139
848230	4140
15973	4141
85241	4142
1109480	4143
78503	4144
212542	4145
433541	4146
1465996	4147
1015651	4148
408405	4149
729463	4150
1158414	4151
375048	4152
137612	4153
51478	4154
478196	4155
128384	4156
43029	4157
2032119	4158
22388	4159
145312	4160
267714	4161
25889	4162
529514	4163
196989	4164
1904231	4165
130681	4166
36892	4167
320321	4168
48037	4169
71024	4170
1488	4171
129284	4172
147249	4173
1042318	4174
10917	4175
620893	4176
149715	4177
1093292	4178
1270713	4179
617397	4180
221248	4181
113989	4182
132254	4183
65527	4184
219958	4185
138706	4186
1380338	4187
163745	4188
231315	4189
104164	4190
12392	4191
1443528	4192
221968	4193
128614	4194
776090	4195
97641	4196
179543	4197
622598	4198
465098	4199
224098	4200
63191	4201
812734	4202
250662	4203
273235	4204
160463	4205
51813	4206
240413	4207
139402	4208
1487731	4209
293703	4210
325994	4211
169916	4212
1794098	4213
182768	4214
462710	4215
142259	4216
64521	4217
623460	4218
207882	4219
66367	4220
14072	4221
151365	4222
154142	4223
995049	4224
267128	4225
340254	4226
190702	4227
298403	4228
311277	4229
214851	4230
257669	4231
188172	4232
952290	4233
177817	4234
75320	4235
411145	4236
230323	4237
1679987	4238
90185	4239
27466	4240
97661	4241
197682	4242
119947	4243
34024	4244
370929	4245
191033	4246
1992054	4247
104843	4248
216196	4249
202635	4250
184136	4251
447850	4252
51303	4253
106685	4254
968807	4255
337341	4256
524329	4257
389633	4258
46114	4259
110926	4260
163346	4261
98227	4262
131745	4263
1436240	4264
340133	4265
211084	4266
898254	4267
89755	4268
326199	4269
75580	4270
698713	4271
100913	4272
1801619	4273
194658	4274
19587	4275
147357	4276
1376884	4277
202632	4278
88958	4279
279974	4280
1386757	4281
1122127	4282
207298	4283
995166	4284
1586713	4285
104290	4286
1645771	4287
12894	4288
51692	4289
345310	4290
25193	4291
257102	4292
7174	4293
1933673	4294
16849	4295
750481	4296
1554656	4297
190639	4298
43539	4299
505839	4300
356588	4301
201647	4302
1314018	4303
222831	4304
86519	4305
134888	4306
168108	4307
91229	4308
196545	4309
8123	4310
161973	4311
134662	4312
165854	4313
524268	4314
664906	4315
121575	4316
432045	4317
366884	4318
141578	4319
14440	4320
1459826	4321
257153	4322
396503	4323
2163218	4324
342049	4325
183662	4326
55406	4327
342760	4328
49770	4329
81375	4330
154001	4331
448905	4332
1951217	4333
259950	4334
80586	4335
61116	4336
1456470	4337
1012960	4338
102305	4339
77480	4340
1210714	4341
32378	4342
422296	4343
71993	4344
932018	4345
1022410	4346
495192	4347
396494	4348
641919	4349
282355	4350
17197	4351
257006	4352
236985	4353
377594	4354
437289	4355
796983	4356
1245066	4357
95542	4358
408809	4359
182288	4360
252627	4361
1494483	4362
168623	4363
55432	4364
14352	4365
208065	4366
77835	4367
100987	4368
632876	4369
215663	4370
94619	4371
46361	4372
145220	4373
158302	4374
1650580	4375
179881	4376
1017019	4377
1330174	4378
1600860	4379
187211	4380
6744	4381
109560	4382
775189	4383
312452	4384
198291	4385
141850	4386
953548	4387
69970	4388
1956607	4389
166756	4390
297948	4391
195415	4392
40412	4393
82551	4394
966167	4395
7484	4396
1452463	4397
1612618	4398
133914	4399
215673	4400
1315218	4401
35422	4402
1535667	4403
956618	4404
121428	4405
1744982	4406
1306641	4407
877142	4408
1011634	4409
52211	4410
122450	4411
61571	4412
9102	4413
208607	4414
121621	4415
253743	4416
1100384	4417
743485	4418
747923	4419
1119382	4420
1748223	4421
148766	4422
69570	4423
718610	4424
115358	4425
93687	4426
60326	4427
8765	4428
665899	4429
751342	4430
295811	4431
299399	4432
491991	4433
80904	4434
175650	4435
83500	4436
65489	4437
301522	4438
1412031	4439
172763	4440
301362	4441
226219	4442
4489	4443
147140	4444
97561	4445
93168	4446
230288	4447
955599	4448
1110358	4449
62013	4450
129302	4451
367980	4452
126897	4453
141985	4454
114305	4455
172087	4456
8357	4457
302074	4458
1090156	4459
145618	4460
170964	4461
55927	4462
864290	4463
330989	4464
655927	4465
87570	4466
107814	4467
219454	4468
21409	4469
178928	4470
433516	4471
30059	4472
931687	4473
684904	4474
185137	4475
110989	4476
372179	4477
1258961	4478
208600	4479
22456	4480
50837	4481
215675	4482
79484	4483
18040	4484
8101	4485
123257	4486
23689	4487
139916	4488
452235	4489
262251	4490
75872	4491
161969	4492
475966	4493
49899	4494
164822	4495
655882	4496
2013036	4497
307984	4498
846138	4499
160392	4500
30528	4501
133326	4502
1261512	4503
64891	4504
36766	4505
35561	4506
36049	4507
420525	4508
12779	4509
210639	4510
140272	4511
375527	4512
99458	4513
1617099	4514
53143	4515
174097	4516
591470	4517
141663	4518
166613	4519
1790664	4520
56449	4521
1629433	4522
248057	4523
13666	4524
355359	4525
976919	4526
95098	4527
7812	4528
18311	4529
396925	4530
74817	4531
363226	4532
1299206	4533
8349	4534
202724	4535
227028	4536
245521	4537
1071365	4538
121521	4539
352083	4540
302553	4541
249175	4542
1573659	4543
74151	4544
265881	4545
129591	4546
164348	4547
1708343	4548
190763	4549
333148	4550
70128	4551
1228113	4552
124315	4553
13393	4554
1661157	4555
118251	4556
136881	4557
37681	4558
611641	4559
20774	4560
307001	4561
27634	4562
347399	4563
379449	4564
108179	4565
939090	4566
429891	4567
108821	4568
94993	4569
745987	4570
364046	4571
654148	4572
212192	4573
354552	4574
334991	4575
1348058	4576
99557	4577
203068	4578
1416891	4579
330175	4580
223103	4581
316535	4582
287566	4583
1852929	4584
35870	4585
327672	4586
105336	4587
756629	4588
98482	4589
706005	4590
294491	4591
9618	4592
73576	4593
275391	4594
109467	4595
429032	4596
1812514	4597
932974	4598
233629	4599
308897	4600
294510	4601
97959	4602
95553	4603
545161	4604
786953	4605
368310	4606
146261	4607
163878	4608
486578	4609
340588	4610
337230	4611
503878	4612
211903	4613
938742	4614
24726	4615
108210	4616
771154	4617
315653	4618
517255	4619
36143	4620
1486195	4621
141070	4622
66315	4623
156265	4624
71971	4625
134107	4626
332202	4627
136309	4628
6227	4629
144648	4630
5712	4631
603075	4632
3649	4633
129502	4634
1535388	4635
159346	4636
127398	4637
457507	4638
178279	4639
1907980	4640
209491	4641
52201	4642
164583	4643
998495	4644
97886	4645
121941	4646
1427711	4647
916138	4648
56167	4649
251890	4650
498776	4651
281627	4652
123637	4653
680473	4654
84747	4655
30582	4656
103658	4657
332830	4658
98381	4659
700474	4660
205504	4661
26555	4662
971358	4663
8042	4664
64074	4665
963083	4666
153517	4667
558851	4668
78295	4669
434432	4670
906719	4671
90042	4672
129789	4673
103735	4674
97645	4675
43193	4676
74238	4677
149095	4678
218723	4679
68576	4680
1298236	4681
1222750	4682
854597	4683
1097156	4684
40288	4685
103203	4686
283	4687
1218646	4688
621945	4689
1795714	4690
90591	4691
51794	4692
117046	4693
47320	4694
150522	4695
1132933	4696
32780	4697
34187	4698
2107405	4699
1630467	4700
777109	4701
569852	4702
